t, ñ	wz	
44,135	-4388	
44,14	-4371	
44,145	-4350	
44,15	-4335	
44,155	-4333	
44,16	-4322	
44,165	-4306	
44,17	-4288	
44,175	-4275	
44,18	-4223	
44,185	-4164	
44,19	-4147	
44,195	-4102	
44,2	-4069	
44,205	-4065	
44,21	-4029	
44,215	-3990	
44,22	-3941	
44,225	-3893	
44,23	-3840	
44,235	-3770	
44,24	-3724	
44,245	-3680	
44,25	-3625	
44,255	-3543	
44,26	-3484	
44,265	-3385	
44,27	-3308	
44,275	-3256	
44,28	-3204	
44,285	-3156	
44,29	-3063	
44,295	-2989	
44,3	-2918	
44,305	-2836	
44,31	-2726	
44,315	-2661	
44,32	-2588	
44,325	-2501	
44,33	-2420	
44,335	-2359	
44,34	-2279	
44,345	-2145	
44,35	-2035	
44,355	-1942	
44,36	-1838	
44,365	-1750	
44,37	-1650	
44,375	-1579	
44,38	-1514	
44,385	-1424	
44,39	-1314	
44,395	-1218	
44,4	-1104	
44,405	-979	
44,41	-866	
44,415	-768	
44,42	-674	
44,425	-561	
44,43	-437	
44,435	-356	
44,44	-250	
44,445	-135	
44,45	-43	
44,455	80	
44,46	213	
44,465	317	
44,47	403	
44,475	478	
44,48	561	
44,485	654	
44,49	738	
44,495	859	
44,5	971	
44,505	1095	
44,51	1246	
44,515	1340	
44,52	1432	
44,525	1492	
44,53	1582	
44,535	1675	
44,54	1773	
44,545	1859	
44,55	1974	
44,555	2055	
44,56	2141	
44,565	2223	
44,57	2314	
44,575	2396	
44,58	2491	
44,585	2574	
44,59	2709	
44,595	2799	
44,6	2880	
44,605	2954	
44,61	2993	
44,615	3051	
44,62	3130	
44,625	3213	
44,63	3286	
44,635	3373	
44,64	3441	
44,645	3495	
44,65	3537	
44,655	3586	
44,66	3624	
44,665	3683	
44,67	3769	
44,675	3850	
44,68	3913	
44,685	3974	
44,69	4035	
44,695	4059	
44,7	4071	
44,705	4083	
44,71	4092	
44,715	4114	
44,72	4153	
44,725	4200	
44,73	4258	
44,735	4294	
44,74	4312	
44,745	4321	
44,75	4303	
44,755	4294	
44,76	4303	
44,765	4305	
44,77	4342	
44,775	4366	
44,78	4385	
44,785	4408	
44,79	4423	
44,795	4399	
44,8	4365	
44,805	4343	
44,81	4317	
44,815	4282	
44,82	4271	
44,825	4250	
44,83	4200	
44,835	4195	
44,84	4130	
44,845	4110	
44,85	4083	
44,855	4054	
44,86	4016	
44,865	3986	
44,87	3942	
44,875	3895	
44,88	3845	
44,885	3790	
44,89	3740	
44,895	3693	
44,9	3640	
44,905	3598	
44,91	3547	
44,915	3456	
44,92	3390	
44,925	3312	
44,93	3235	
44,935	3162	
44,94	3096	
44,945	3023	
44,95	2953	
44,955	2883	
44,96	2812	
44,965	2730	
44,97	2648	
44,975	2563	
44,98	2469	
44,985	2380	
44,99	2289	
44,995	2178	
45,0	2106	
45,005	2026	
45,01	1946	
45,015	1844	
45,02	1740	
45,025	1619	
45,03	1524	
45,035	1410	
45,04	1318	
45,045	1217	
45,05	1136	
45,055	1050	
45,06	965	
45,065	875	
45,07	794	
45,075	656	
45,08	542	
45,085	428	
45,09	309	
45,095	201	
45,1	97	
45,105	12	
45,11	-82	
45,115	-162	
45,12	-258	
45,125	-351	
45,13	-466	
45,135	-581	
45,14	-687	
45,145	-792	
45,15	-900	
45,155	-1054	
45,16	-1132	
45,165	-1211	
45,17	-1296	
45,175	-1385	
45,18	-1495	
45,185	-1596	
45,19	-1705	
45,195	-1811	
45,2	-1912	
45,205	-1975	
45,21	-2059	
45,215	-2151	
45,22	-2238	
45,225	-2313	
45,23	-2406	
45,235	-2542	
45,24	-2616	
45,245	-2708	
45,25	-2810	
45,255	-2905	
45,26	-2969	
45,265	-3036	
45,27	-3095	
45,275	-3165	
45,28	-3219	
45,285	-3300	
45,29	-3372	
45,295	-3437	
45,3	-3496	
45,305	-3566	
45,31	-3621	
45,315	-3688	
45,32	-3733	
45,325	-3787	
45,33	-3814	
45,335	-3850	
45,34	-3908	
45,345	-3941	
45,35	-3985	
45,355	-4028	
45,36	-4068	
45,365	-4101	
45,37	-4161	
45,375	-4189	
45,38	-4203	
45,385	-4238	
45,39	-4271	
45,395	-4251	
45,4	-4281	
45,405	-4294	
45,41	-4305	
45,415	-4326	
45,42	-4360	
45,425	-4376	
45,43	-4375	
45,435	-4367	
45,44	-4352	
45,445	-4333	
45,45	-4341	
45,455	-4330	
45,46	-4333	
45,465	-4328	
45,47	-4325	
45,475	-4302	
45,48	-4262	
45,485	-4239	
45,49	-4178	
45,495	-4137	
45,5	-4083	
45,505	-4058	
45,51	-4028	
45,515	-4000	
45,52	-3972	
45,525	-3937	
45,53	-3900	
45,535	-3853	
45,54	-3806	
45,545	-3759	
45,55	-3696	
45,555	-3637	
45,56	-3567	
45,565	-3501	
45,57	-3451	
45,575	-3381	
45,58	-3338	
45,585	-3240	
45,59	-3174	
45,595	-3102	
45,6	-3034	
45,605	-2962	
45,61	-2877	
45,615	-2798	
45,62	-2727	
45,625	-2635	
45,63	-2531	
45,635	-2463	
45,64	-2337	
45,645	-2262	
45,65	-2176	
45,655	-2087	
45,66	-1975	
45,665	-1882	
45,67	-1777	
45,675	-1707	
45,68	-1623	
45,685	-1542	
45,69	-1442	
45,695	-1361	
45,7	-1250	
45,705	-1140	
45,71	-1026	
45,715	-920	
45,72	-781	
45,725	-698	
45,73	-612	
45,735	-519	
45,74	-438	
45,745	-340	
45,75	-226	
45,755	-114	
45,76	3	
45,765	103	
45,77	233	
45,775	317	
45,78	409	
45,785	473	
45,79	576	
45,795	663	
45,8	822	
45,805	964	
45,81	1072	
45,815	1171	
45,82	1246	
45,825	1351	
45,83	1428	
45,835	1527	
45,84	1611	
45,845	1717	
45,85	1807	
45,855	1896	
45,86	1985	
45,865	2086	
45,87	2181	
45,875	2255	
45,88	2336	
45,885	2471	
45,89	2566	
45,895	2638	
45,9	2747	
45,905	2820	
45,91	2890	
45,915	2941	
45,92	3003	
45,925	3065	
45,93	3132	
45,935	3197	
45,94	3279	
45,945	3359	
45,95	3408	
45,955	3469	
45,96	3512	
45,965	3582	
45,97	3634	
45,975	3699	
45,98	3769	
45,985	3836	
45,99	3915	
45,995	3985	
46,0	4006	
46,005	4034	
46,01	4044	
46,015	4067	
46,02	4070	
46,025	4142	
46,03	4183	
46,035	4238	
46,04	4278	
46,045	4293	
46,05	4306	
46,055	4300	
46,06	4299	
46,065	4305	
46,07	4324	
46,075	4340	
46,08	4356	
46,085	4392	
46,09	4396	
46,095	4391	
46,1	4370	
46,105	4350	
46,11	4297	
46,115	4280	
46,12	4284	
46,125	4269	
46,13	4269	
46,135	4270	
46,14	4234	
46,145	4207	
46,15	4170	
46,155	4130	
46,16	4088	
46,165	4048	
46,17	4011	
46,175	3971	
46,18	3945	
46,185	3891	
46,19	3849	
46,195	3812	
46,2	3746	
46,205	3659	
46,21	3615	
46,215	3564	
46,22	3500	
46,225	3446	
46,23	3379	
46,235	3294	
46,24	3223	
46,245	3147	
46,25	3084	
46,255	3006	
46,26	2947	
46,265	2883	
46,27	2813	
46,275	2700	
46,28	2622	
46,285	2495	
46,29	2414	
46,295	2346	
46,3	2285	
46,305	2214	
46,31	2104	
46,315	2032	
46,32	1935	
46,325	1830	
46,33	1709	
46,335	1614	
46,34	1511	
46,345	1410	
46,35	1324	
46,355	1243	
46,36	1141	
46,365	1062	
46,37	905	
46,375	792	
46,38	700	
46,385	580	
46,39	481	
46,395	382	
46,4	298	
46,405	203	
46,41	107	
46,415	-7	
46,42	-110	
46,425	-211	
46,43	-333	
46,435	-407	
46,44	-509	
46,445	-619	
46,45	-774	
46,455	-884	
46,46	-1001	
46,465	-1092	
46,47	-1194	
46,475	-1287	
46,48	-1375	
46,485	-1449	
46,49	-1537	
46,495	-1639	
46,5	-1738	
46,505	-1848	
46,51	-1952	
46,515	-2039	
46,52	-2112	
46,525	-2190	
46,53	-2307	
46,535	-2376	
46,54	-2470	
46,545	-2571	
46,55	-2660	
46,555	-2747	
46,56	-2842	
46,565	-2938	
46,57	-2991	
46,575	-3051	
46,58	-3118	
46,585	-3185	
46,59	-3242	
46,595	-3317	
46,6	-3394	
46,605	-3464	
46,61	-3553	
46,615	-3611	
46,62	-3670	
46,625	-3710	
46,63	-3732	
46,635	-3780	
46,64	-3810	
46,645	-3860	
46,65	-3903	
46,655	-3971	
46,66	-4041	
46,665	-4076	
46,67	-4117	
46,675	-4150	
46,68	-4171	
46,685	-4193	
46,69	-4242	
46,695	-4257	
46,7	-4283	
46,705	-4304	
46,71	-4323	
46,715	-4339	
46,72	-4353	
46,725	-4368	
46,73	-4371	
46,735	-4393	
46,74	-4391	
46,745	-4383	
46,75	-4368	
46,755	-4358	
46,76	-4331	
46,765	-4325	
46,77	-4303	
46,775	-4301	
46,78	-4299	
46,785	-4273	
46,79	-4244	
46,795	-4222	
46,8	-4177	
46,805	-4122	
46,81	-4082	
46,815	-4051	
46,82	-4035	
46,825	-4005	
46,83	-3966	
46,835	-3949	
46,84	-3901	
46,845	-3838	
46,85	-3772	
46,855	-3715	
46,86	-3659	
46,865	-3614	
46,87	-3571	
46,875	-3519	
46,88	-3459	
46,885	-3373	
46,89	-3306	
46,895	-3227	
46,9	-3131	
46,905	-3067	
46,91	-3003	
46,915	-2941	
46,92	-2871	
46,925	-2796	
46,93	-2721	
46,935	-2603	
46,94	-2511	
46,945	-2423	
46,95	-2337	
46,955	-2250	
46,96	-2143	
46,965	-2049	
46,97	-1968	
46,975	-1887	
46,98	-1783	
46,985	-1707	
46,99	-1620	
46,995	-1536	
47,0	-1458	
47,005	-1364	
47,01	-1245	
47,015	-1081	
47,02	-959	
47,025	-860	
47,03	-739	
47,035	-669	
47,04	-572	
47,045	-490	
47,05	-386	
47,055	-309	
47,06	-206	
47,065	-88	
47,07	21	
47,075	142	
47,08	262	
47,085	360	
47,09	441	
47,095	585	
47,1	676	
47,105	782	
47,11	906	
47,115	1021	
47,12	1124	
47,125	1221	
47,13	1306	
47,135	1397	
47,14	1486	
47,145	1568	
47,15	1676	
47,155	1782	
47,16	1864	
47,165	1965	
47,17	2070	
47,175	2194	
47,18	2279	
47,185	2363	
47,19	2434	
47,195	2503	
47,2	2607	
47,205	2685	
47,21	2775	
47,215	2860	
47,22	2945	
47,225	2996	
47,23	3071	
47,235	3141	
47,24	3230	
47,245	3303	
47,25	3394	
47,255	3476	
47,26	3527	
47,265	3567	
47,27	3612	
47,275	3667	
47,28	3729	
47,285	3789	
47,29	3854	
47,295	3925	
47,3	3971	
47,305	4006	
47,31	4037	
47,315	4051	
47,32	4065	
47,325	4079	
47,33	4123	
47,335	4171	
47,34	4245	
47,345	4304	
47,35	4340	
47,355	4342	
47,36	4347	
47,365	4349	
47,37	4333	
47,375	4346	
47,38	4398	
47,385	4411	
47,39	4433	
47,395	4451	
47,4	4441	
47,405	4395	
47,41	4375	
47,415	4347	
47,42	4325	
47,425	4327	
47,43	4328	
47,435	4315	
47,44	4296	
47,445	4263	
47,45	4200	
47,455	4161	
47,46	4125	
47,465	4098	
47,47	4069	
47,475	4052	
47,48	4046	
47,485	4013	
47,49	3976	
47,495	3938	
47,5	3863	
47,505	3790	
47,51	3724	
47,515	3672	
47,52	3616	
47,525	3581	
47,53	3517	
47,535	3448	
47,54	3369	
47,545	3286	
47,55	3199	
47,555	3133	
47,56	3077	
47,565	3036	
47,57	2981	
47,575	2925	
47,58	2784	
47,585	2688	
47,59	2585	
47,595	2478	
47,6	2381	
47,605	2286	
47,61	2211	
47,615	2134	
47,62	2047	
47,625	1971	
47,63	1899	
47,635	1784	
47,64	1672	
47,645	1567	
47,65	1475	
47,655	1366	
47,66	1259	
47,665	1176	
47,67	1084	
47,675	981	
47,68	860	
47,685	743	
47,69	615	
47,695	498	
47,7	392	
47,705	305	
47,71	221	
47,715	130	
47,72	36	
47,725	-54	
47,73	-177	
47,735	-282	
47,74	-443	
47,745	-553	
47,75	-660	
47,755	-743	
47,76	-852	
47,765	-965	
47,77	-1057	
47,775	-1166	
47,78	-1268	
47,785	-1361	
47,79	-1450	
47,795	-1543	
47,8	-1627	
47,805	-1723	
47,81	-1822	
47,815	-1934	
47,82	-2027	
47,825	-2174	
47,83	-2267	
47,835	-2336	
47,84	-2412	
47,845	-2468	
47,85	-2569	
47,855	-2633	
47,86	-2717	
47,865	-2816	
47,87	-2928	
47,875	-2995	
47,88	-3063	
47,885	-3149	
47,89	-3207	
47,895	-3259	
47,9	-3329	
47,905	-3426	
47,91	-3507	
47,915	-3595	
47,92	-3663	
47,925	-3730	
47,93	-3777	
47,935	-3810	
47,94	-3824	
47,945	-3870	
47,95	-3913	
47,955	-3975	
47,96	-4045	
47,965	-4107	
47,97	-4165	
47,975	-4187	
47,98	-4202	
47,985	-4244	
47,99	-4264	
47,995	-4267	
48,0	-4299	
48,005	-4331	
48,01	-4340	
48,015	-4363	
48,02	-4388	
48,025	-4399	
48,03	-4393	
48,035	-4393	
48,04	-4397	
48,045	-4418	
48,05	-4409	
48,055	-4424	
48,06	-4438	
48,065	-4420	
48,07	-4409	
48,075	-4389	
48,08	-4360	
48,085	-4345	
48,09	-4342	
48,095	-4318	
48,1	-4304	
48,105	-4290	
48,11	-4244	
48,115	-4189	
48,12	-4172	
48,125	-4126	
48,13	-4088	
48,135	-4048	
48,14	-4015	
48,145	-3944	
48,15	-3876	
48,155	-3840	
48,16	-3789	
48,165	-3731	
48,17	-3660	
48,175	-3630	
48,18	-3563	
48,185	-3510	
48,19	-3443	
48,195	-3377	
48,2	-3295	
48,205	-3206	
48,21	-3128	
48,215	-3054	
48,22	-2979	
48,225	-2875	
48,23	-2812	
48,235	-2734	
48,24	-2646	
48,245	-2555	
48,25	-2455	
48,255	-2357	
48,26	-2245	
48,265	-2175	
48,27	-2086	
48,275	-1997	
48,28	-1890	
48,285	-1806	
48,29	-1710	
48,295	-1641	
48,3	-1545	
48,305	-1453	
48,31	-1347	
48,315	-1227	
48,32	-1118	
48,325	-1019	
48,33	-911	
48,335	-791	
48,34	-695	
48,345	-596	
48,35	-501	
48,355	-404	
48,36	-303	
48,365	-195	
48,37	-89	
48,375	23	
48,38	153	
48,385	250	
48,39	398	
48,395	485	
48,4	578	
48,405	673	
48,41	787	
48,415	891	
48,42	1020	
48,425	1136	
48,43	1239	
48,435	1334	
48,44	1413	
48,445	1476	
48,45	1560	
48,455	1653	
48,46	1758	
48,465	1881	
48,47	2030	
48,475	2119	
48,48	2208	
48,485	2287	
48,49	2359	
48,495	2468	
48,5	2549	
48,505	2622	
48,51	2727	
48,515	2810	
48,52	2891	
48,525	2977	
48,53	3042	
48,535	3107	
48,54	3164	
48,545	3231	
48,55	3350	
48,555	3435	
48,56	3505	
48,565	3596	
48,57	3627	
48,575	3675	
48,58	3735	
48,585	3771	
48,59	3801	
48,595	3879	
48,6	3934	
48,605	3987	
48,61	4041	
48,615	4105	
48,62	4133	
48,625	4169	
48,63	4214	
48,635	4241	
48,64	4267	
48,645	4315	
48,65	4349	
48,655	4371	
48,66	4381	
48,665	4391	
48,67	4375	
48,675	4359	
48,68	4365	
48,685	4391	
48,69	4423	
48,695	4456	
48,7	4473	
48,705	4482	
48,71	4467	
48,715	4453	
48,72	4424	
48,725	4413	
48,73	4406	
48,735	4394	
48,74	4367	
48,745	4358	
48,75	4351	
48,755	4312	
48,76	4263	
48,765	4227	
48,77	4173	
48,775	4133	
48,78	4109	
48,785	4094	
48,79	4079	
48,795	4027	
48,8	3982	
48,805	3894	
48,81	3835	
48,815	3741	
48,82	3687	
48,825	3665	
48,83	3623	
48,835	3578	
48,84	3524	
48,845	3427	
48,85	3318	
48,855	3220	
48,86	3143	
48,865	3077	
48,87	3032	
48,875	2968	
48,88	2887	
48,885	2809	
48,89	2708	
48,895	2595	
48,9	2491	
48,905	2396	
48,91	2319	
48,915	2235	
48,92	2175	
48,925	2097	
48,93	2020	
48,935	1937	
48,94	1826	
48,945	1705	
48,95	1580	
48,955	1416	
48,96	1311	
48,965	1224	
48,97	1151	
48,975	1062	
48,98	968	
48,985	857	
48,99	748	
48,995	647	
49,0	522	
49,005	411	
49,01	338	
49,015	252	
49,02	144	
49,025	57	
49,03	-37	
49,035	-241	
49,04	-366	
49,045	-473	
49,05	-596	
49,055	-689	
49,06	-781	
49,065	-874	
49,07	-975	
49,075	-1076	
49,08	-1189	
49,085	-1307	
49,09	-1410	
49,095	-1504	
49,1	-1605	
49,105	-1680	
49,11	-1745	
49,115	-1884	
49,12	-2008	
49,125	-2108	
49,13	-2228	
49,135	-2335	
49,14	-2404	
49,145	-2460	
49,15	-2530	
49,155	-2603	
49,16	-2676	
49,165	-2792	
49,17	-2909	
49,175	-2986	
49,18	-3059	
49,185	-3139	
49,19	-3200	
49,195	-3305	
49,2	-3380	
49,205	-3458	
49,21	-3532	
49,215	-3593	
49,22	-3648	
49,225	-3718	
49,23	-3776	
49,235	-3811	
49,24	-3844	
49,245	-3885	
49,25	-3933	
49,255	-3986	
49,26	-4038	
49,265	-4110	
49,27	-4171	
49,275	-4203	
49,28	-4255	
49,285	-4279	
49,29	-4286	
49,295	-4322	
49,3	-4359	
49,305	-4400	
49,31	-4426	
49,315	-4464	
49,32	-4467	
49,325	-4472	
49,33	-4443	
49,335	-4459	
49,34	-4469	
49,345	-4482	
49,35	-4494	
49,355	-4530	
49,36	-4506	
49,365	-4508	
49,37	-4476	
49,375	-4460	
49,38	-4439	
49,385	-4433	
49,39	-4424	
49,395	-4406	
49,4	-4392	
49,405	-4371	
49,41	-4321	
49,415	-4270	
49,42	-4220	
49,425	-4167	
49,43	-4139	
49,435	-4103	
49,44	-4077	
49,445	-4024	
49,45	-4011	
49,455	-3952	
49,46	-3888	
49,465	-3791	
49,47	-3730	
49,475	-3656	
49,48	-3612	
49,485	-3574	
49,49	-3540	
49,495	-3494	
49,5	-3431	
49,505	-3334	
49,51	-3245	
49,515	-3148	
49,52	-3012	
49,525	-2942	
49,53	-2877	
49,535	-2813	
49,54	-2737	
49,545	-2663	
49,55	-2549	
49,555	-2460	
49,56	-2361	
49,565	-2258	
49,57	-2162	
49,575	-2087	
49,58	-2010	
49,585	-1914	
49,59	-1834	
49,595	-1742	
49,6	-1604	
49,605	-1499	
49,61	-1387	
49,615	-1286	
49,62	-1171	
49,625	-1060	
49,63	-985	
49,635	-887	
49,64	-796	
49,645	-695	
49,65	-579	
49,655	-450	
49,66	-340	
49,665	-228	
49,67	-128	
49,675	-36	
49,68	124	
49,685	257	
49,69	354	
49,695	466	
49,7	554	
49,705	649	
49,71	722	
49,715	815	
49,72	926	
49,725	1035	
49,73	1141	
49,735	1284	
49,74	1389	
49,745	1494	
49,75	1578	
49,755	1659	
49,76	1738	
49,765	1865	
49,77	1971	
49,775	2085	
