t, ñ	wz	
2,33	-5233	
2,335	-5245	
2,34	-5273	
2,345	-5263	
2,35	-5249	
2,355	-5237	
2,36	-5257	
2,365	-5260	
2,37	-5272	
2,375	-5288	
2,38	-5322	
2,385	-5309	
2,39	-5269	
2,395	-5236	
2,4	-5200	
2,405	-5174	
2,41	-5177	
2,415	-5182	
2,42	-5165	
2,425	-5138	
2,43	-5094	
2,435	-5053	
2,44	-5013	
2,445	-4980	
2,45	-4951	
2,455	-4906	
2,46	-4849	
2,465	-4797	
2,47	-4735	
2,475	-4609	
2,48	-4548	
2,485	-4472	
2,49	-4395	
2,495	-4334	
2,5	-4279	
2,505	-4205	
2,51	-4135	
2,515	-4057	
2,52	-3962	
2,525	-3886	
2,53	-3802	
2,535	-3721	
2,54	-3643	
2,545	-3575	
2,55	-3492	
2,555	-3345	
2,56	-3247	
2,565	-3131	
2,57	-3007	
2,575	-2886	
2,58	-2805	
2,585	-2696	
2,59	-2620	
2,595	-2544	
2,6	-2451	
2,605	-2304	
2,61	-2194	
2,615	-2041	
2,62	-1902	
2,625	-1783	
2,63	-1678	
2,635	-1539	
2,64	-1446	
2,645	-1342	
2,65	-1215	
2,655	-1087	
2,66	-941	
2,665	-804	
2,67	-666	
2,675	-543	
2,68	-431	
2,685	-335	
2,69	-222	
2,695	-124	
2,7	12	
2,705	135	
2,71	271	
2,715	489	
2,72	596	
2,725	713	
2,73	806	
2,735	925	
2,74	1037	
2,745	1161	
2,75	1289	
2,755	1419	
2,76	1552	
2,765	1645	
2,77	1755	
2,775	1854	
2,78	1987	
2,785	2092	
2,79	2230	
2,795	2372	
2,8	2561	
2,805	2653	
2,81	2747	
2,815	2826	
2,82	2906	
2,825	2989	
2,83	3088	
2,835	3205	
2,84	3296	
2,845	3394	
2,85	3490	
2,855	3568	
2,86	3639	
2,865	3702	
2,87	3783	
2,875	3867	
2,88	4013	
2,885	4111	
2,89	4221	
2,895	4302	
2,9	4365	
2,905	4423	
2,91	4474	
2,915	4517	
2,92	4569	
2,925	4640	
2,93	4693	
2,935	4761	
2,94	4808	
2,945	4852	
2,95	4900	
2,955	4931	
2,96	4979	
2,965	5025	
2,97	5047	
2,975	5071	
2,98	5098	
2,985	5126	
2,99	5158	
2,995	5178	
3,0	5212	
3,005	5232	
3,01	5252	
3,015	5264	
3,02	5264	
3,025	5251	
3,03	5243	
3,035	5220	
3,04	5215	
3,045	5188	
3,05	5186	
3,055	5171	
3,06	5150	
3,065	5126	
3,07	5103	
3,075	5083	
3,08	5035	
3,085	4983	
3,09	4948	
3,095	4918	
3,1	4885	
3,105	4887	
3,11	4863	
3,115	4813	
3,12	4714	
3,125	4626	
3,13	4530	
3,135	4460	
3,14	4396	
3,145	4325	
3,15	4294	
3,155	4227	
3,16	4177	
3,165	4094	
3,17	3999	
3,175	3892	
3,18	3791	
3,185	3695	
3,19	3607	
3,195	3546	
3,2	3456	
3,205	3387	
3,21	3301	
3,215	3184	
3,22	3088	
3,225	2974	
3,23	2870	
3,235	2777	
3,24	2693	
3,245	2592	
3,25	2466	
3,255	2345	
3,26	2213	
3,265	2071	
3,27	1953	
3,275	1878	
3,28	1789	
3,285	1644	
3,29	1527	
3,295	1424	
3,3	1258	
3,305	1111	
3,31	969	
3,315	844	
3,32	724	
3,325	641	
3,33	563	
3,335	478	
3,34	373	
3,345	262	
3,35	94	
3,355	-63	
3,36	-210	
3,365	-404	
3,37	-487	
3,375	-571	
3,38	-645	
3,385	-761	
3,39	-874	
3,395	-1037	
3,4	-1203	
3,405	-1350	
3,41	-1473	
3,415	-1593	
3,42	-1692	
3,425	-1758	
3,43	-1844	
3,435	-1948	
3,44	-2061	
3,445	-2237	
3,45	-2372	
3,455	-2500	
3,46	-2594	
3,465	-2704	
3,47	-2804	
3,475	-2884	
3,48	-2974	
3,485	-3087	
3,49	-3181	
3,495	-3298	
3,5	-3403	
3,505	-3498	
3,51	-3582	
3,515	-3668	
3,52	-3739	
3,525	-3855	
3,53	-3936	
3,535	-4022	
3,54	-4102	
3,545	-4174	
3,55	-4231	
3,555	-4308	
3,56	-4357	
3,565	-4410	
3,57	-4500	
3,575	-4558	
3,58	-4636	
3,585	-4683	
3,59	-4736	
3,595	-4775	
3,6	-4808	
3,605	-4838	
3,61	-4882	
3,615	-4927	
3,62	-4972	
3,625	-5030	
3,63	-5095	
3,635	-5140	
3,64	-5167	
3,645	-5158	
3,65	-5156	
3,655	-5148	
3,66	-5123	
3,665	-5120	
3,67	-5135	
3,675	-5138	
3,68	-5184	
3,685	-5219	
3,69	-5241	
3,695	-5242	
3,7	-5210	
3,705	-5155	
3,71	-5124	
3,715	-5084	
3,72	-5056	
3,725	-5037	
3,73	-5032	
3,735	-5020	
3,74	-5003	
3,745	-4960	
3,75	-4919	
3,755	-4874	
3,76	-4794	
3,765	-4736	
3,77	-4658	
3,775	-4619	
3,78	-4561	
3,785	-4518	
3,79	-4466	
3,795	-4413	
3,8	-4344	
3,805	-4281	
3,81	-4213	
3,815	-4142	
3,82	-4050	
3,825	-3965	
3,83	-3890	
3,835	-3799	
3,84	-3718	
3,845	-3627	
3,85	-3506	
3,855	-3429	
3,86	-3343	
3,865	-3233	
3,87	-3130	
3,875	-3017	
3,88	-2920	
3,885	-2802	
3,89	-2700	
3,895	-2627	
3,9	-2534	
3,905	-2444	
3,91	-2353	
3,915	-2260	
3,92	-2139	
3,925	-2024	
3,93	-1845	
3,935	-1720	
3,94	-1613	
3,945	-1522	
3,95	-1406	
3,955	-1294	
3,96	-1163	
3,965	-1023	
3,97	-875	
3,975	-748	
3,98	-621	
3,985	-494	
3,99	-396	
3,995	-297	
4,0	-181	
4,005	-39	
4,01	134	
4,015	263	
4,02	401	
4,025	479	
4,03	601	
4,035	687	
4,04	799	
4,045	901	
4,05	1043	
4,055	1175	
4,06	1324	
4,065	1441	
4,07	1557	
4,075	1668	
4,08	1763	
4,085	1864	
4,09	2012	
4,095	2150	
4,1	2260	
4,105	2379	
4,11	2490	
4,115	2602	
4,12	2679	
4,125	2752	
4,13	2833	
4,135	2918	
4,14	3044	
4,145	3160	
4,15	3310	
4,155	3412	
4,16	3528	
4,165	3581	
4,17	3677	
4,175	3717	
4,18	3788	
4,185	3878	
4,19	3981	
4,195	4075	
4,2	4174	
4,205	4252	
4,21	4308	
4,215	4354	
4,22	4391	
4,225	4416	
4,23	4469	
4,235	4535	
4,24	4610	
4,245	4682	
4,25	4766	
4,255	4839	
4,26	4860	
4,265	4898	
4,27	4922	
4,275	4970	
4,28	4994	
4,285	5034	
4,29	5061	
4,295	5077	
4,3	5094	
4,305	5132	
4,31	5156	
4,315	5178	
4,32	5202	
4,325	5208	
4,33	5181	
4,335	5160	
4,34	5124	
4,345	5117	
4,35	5078	
4,355	5074	
4,36	5066	
4,365	5082	
4,37	5079	
4,375	5087	
4,38	5068	
4,385	5041	
4,39	4994	
4,395	4934	
4,4	4869	
4,405	4830	
4,41	4789	
4,415	4748	
4,42	4728	
4,425	4687	
4,43	4639	
4,435	4567	
4,44	4488	
4,445	4415	
4,45	4334	
4,455	4268	
4,46	4225	
4,465	4179	
4,47	4104	
4,475	4035	
4,48	3947	
4,485	3860	
4,49	3749	
4,495	3619	
4,5	3542	
4,505	3486	
4,51	3406	
4,515	3334	
4,52	3263	
4,525	3170	
4,53	3055	
4,535	2949	
4,54	2838	
4,545	2724	
4,55	2602	
4,555	2508	
4,56	2411	
4,565	2301	
4,57	2206	
4,575	2033	
4,58	1922	
4,585	1817	
4,59	1686	
4,595	1587	
4,6	1483	
4,605	1378	
4,61	1261	
4,615	1147	
4,62	1026	
4,625	885	
4,63	760	
4,635	643	
4,64	548	
4,645	444	
4,65	338	
4,655	151	
4,66	-5	
4,665	-145	
4,67	-292	
4,675	-415	
4,68	-513	
4,685	-607	
4,69	-691	
4,695	-801	
4,7	-891	
4,705	-1041	
4,71	-1187	
4,715	-1342	
4,72	-1465	
4,725	-1584	
4,73	-1676	
4,735	-1758	
4,74	-1883	
4,745	-1981	
4,75	-2098	
4,755	-2238	
4,76	-2385	
4,765	-2493	
4,77	-2609	
4,775	-2701	
4,78	-2778	
4,785	-2836	
4,79	-2934	
4,795	-3046	
4,8	-3160	
4,805	-3265	
4,81	-3369	
4,815	-3455	
4,82	-3553	
4,825	-3634	
4,83	-3717	
4,835	-3804	
4,84	-3903	
4,845	-3993	
4,85	-4082	
4,855	-4153	
4,86	-4212	
4,865	-4283	
4,87	-4334	
4,875	-4414	
4,88	-4485	
4,885	-4543	
4,89	-4600	
4,895	-4660	
4,9	-4717	
4,905	-4753	
4,91	-4786	
4,915	-4810	
4,92	-4808	
4,925	-4838	
4,93	-4888	
4,935	-4952	
4,94	-5001	
4,945	-5065	
4,95	-5107	
4,955	-5101	
4,96	-5082	
4,965	-5076	
4,97	-5055	
4,975	-5057	
4,98	-5109	
4,985	-5128	
4,99	-5160	
4,995	-5173	
5,0	-5161	
5,005	-5134	
5,01	-5103	
5,015	-5076	
5,02	-5039	
5,025	-5022	
5,03	-5000	
5,035	-5004	
5,04	-5000	
5,045	-4976	
5,05	-4933	
5,055	-4887	
5,06	-4807	
5,065	-4739	
5,07	-4717	
5,075	-4678	
5,08	-4659	
5,085	-4629	
5,09	-4585	
5,095	-4523	
5,1	-4467	
5,105	-4391	
5,11	-4319	
5,115	-4225	
5,12	-4176	
5,125	-4081	
5,13	-4017	
5,135	-3927	
5,14	-3818	
5,145	-3735	
5,15	-3660	
5,155	-3576	
5,16	-3482	
5,165	-3392	
5,17	-3311	
5,175	-3235	
5,18	-3122	
5,185	-3023	
5,19	-2930	
5,195	-2836	
5,2	-2712	
5,205	-2640	
5,21	-2571	
5,215	-2466	
5,22	-2373	
5,225	-2177	
5,23	-2028	
5,235	-1886	
5,24	-1767	
5,245	-1633	
5,25	-1562	
5,255	-1469	
5,26	-1379	
5,265	-1269	
5,27	-1148	
5,275	-1027	
5,28	-895	
5,285	-777	
5,29	-660	
5,295	-548	
5,3	-431	
5,305	-258	
5,31	-134	
5,315	-27	
5,32	129	
5,325	256	
5,33	378	
5,335	492	
5,34	616	
5,345	708	
5,35	805	
5,355	913	
5,36	1041	
5,365	1174	
5,37	1302	
5,375	1421	
5,38	1555	
5,385	1692	
5,39	1772	
5,395	1876	
5,4	1981	
5,405	2106	
5,41	2233	
5,415	2364	
5,42	2470	
5,425	2560	
5,43	2648	
5,435	2725	
5,44	2812	
5,445	2907	
5,45	3026	
5,455	3164	
5,46	3302	
5,465	3475	
5,47	3568	
5,475	3641	
5,48	3666	
5,485	3706	
5,49	3758	
5,495	3827	
5,5	3931	
5,505	4048	
5,51	4150	
5,515	4237	
5,52	4309	
5,525	4337	
5,53	4358	
5,535	4402	
5,54	4461	
5,545	4565	
5,55	4663	
5,555	4736	
5,56	4799	
5,565	4837	
5,57	4866	
5,575	4873	
5,58	4890	
5,585	4911	
5,59	4947	
5,595	4997	
5,6	5046	
5,605	5067	
5,61	5093	
5,615	5108	
5,62	5103	
5,625	5123	
5,63	5138	
5,635	5145	
5,64	5149	
5,645	5162	
5,65	5160	
5,655	5164	
5,66	5142	
5,665	5121	
5,67	5091	
5,675	5064	
5,68	5053	
5,685	5053	
5,69	5040	
5,695	5012	
5,7	4976	
5,705	4913	
5,71	4854	
5,715	4797	
5,72	4768	
5,725	4748	
5,73	4717	
5,735	4668	
5,74	4621	
5,745	4556	
5,75	4504	
5,755	4413	
5,76	4340	
5,765	4295	
5,77	4244	
5,775	4179	
5,78	4122	
5,785	4065	
5,79	3927	
5,795	3835	
5,8	3755	
5,805	3662	
5,81	3560	
5,815	3482	
5,82	3400	
5,825	3303	
5,83	3233	
5,835	3125	
5,84	3026	
5,845	2911	
5,85	2804	
5,855	2713	
5,86	2609	
5,865	2517	
5,87	2375	
5,875	2253	
5,88	2123	
5,885	2003	
5,89	1906	
5,895	1799	
5,9	1703	
5,905	1630	
5,91	1517	
5,915	1421	
5,92	1296	
5,925	1137	
5,93	994	
5,935	861	
5,94	733	
5,945	624	
5,95	482	
5,955	388	
5,96	282	
5,965	140	
5,97	19	
5,975	-115	
5,98	-271	
5,985	-383	
5,99	-480	
5,995	-575	
6,0	-669	
6,005	-758	
6,01	-888	
6,015	-1037	
6,02	-1194	
6,025	-1331	
6,03	-1531	
6,035	-1638	
6,04	-1722	
6,045	-1798	
6,05	-1892	
6,055	-2001	
6,06	-2121	
6,065	-2252	
6,07	-2400	
6,075	-2519	
6,08	-2625	
6,085	-2708	
6,09	-2791	
6,095	-2862	
6,1	-2936	
6,105	-3038	
6,11	-3208	
6,115	-3336	
6,12	-3445	
6,125	-3542	
6,13	-3593	
6,135	-3664	
6,14	-3732	
6,145	-3808	
6,15	-3884	
6,155	-3991	
6,16	-4101	
6,165	-4178	
6,17	-4243	
6,175	-4307	
6,18	-4317	
6,185	-4348	
6,19	-4400	
6,195	-4504	
6,2	-4611	
6,205	-4710	
6,21	-4782	
6,215	-4823	
6,22	-4849	
6,225	-4852	
6,23	-4850	
6,235	-4892	
6,24	-4937	
6,245	-5010	
6,25	-5078	
6,255	-5132	
6,26	-5147	
6,265	-5144	
6,27	-5116	
6,275	-5082	
6,28	-5075	
6,285	-5109	
6,29	-5124	
6,295	-5174	
6,3	-5215	
6,305	-5222	
6,31	-5199	
6,315	-5166	
6,32	-5111	
6,325	-5055	
6,33	-5024	
6,335	-5031	
6,34	-5059	
6,345	-5087	
6,35	-5108	
6,355	-5076	
6,36	-5013	
6,365	-4926	
6,37	-4854	
6,375	-4799	
6,38	-4749	
6,385	-4706	
6,39	-4674	
6,395	-4653	
6,4	-4584	
6,405	-4519	
6,41	-4434	
6,415	-4355	
6,42	-4271	
6,425	-4196	
6,43	-4150	
6,435	-4070	
6,44	-4000	
6,445	-3931	
6,45	-3852	
6,455	-3750	
6,46	-3669	
6,465	-3572	
6,47	-3485	
6,475	-3385	
6,48	-3322	
6,485	-3210	
6,49	-3132	
6,495	-3018	
6,5	-2899	
6,505	-2771	
6,51	-2677	
6,515	-2527	
6,52	-2438	
6,525	-2368	
6,53	-2251	
6,535	-2154	
6,54	-2018	
6,545	-1916	
6,55	-1783	
6,555	-1683	
6,56	-1583	
6,565	-1511	
6,57	-1403	
6,575	-1313	
6,58	-1182	
6,585	-1035	
6,59	-885	
6,595	-658	
6,6	-531	
6,605	-429	
6,61	-334	
6,615	-225	
6,62	-135	
6,625	-7	
6,63	129	
6,635	277	
6,64	402	
6,645	534	
6,65	633	
6,655	734	
6,66	822	
6,665	928	
6,67	1058	
6,675	1182	
6,68	1396	
6,685	1510	
6,69	1624	
6,695	1716	
6,7	1821	
6,705	1906	
6,71	2030	
6,715	2149	
6,72	2270	
6,725	2396	
6,73	2510	
6,735	2607	
6,74	2701	
6,745	2786	
6,75	2866	
6,755	2978	
6,76	3128	
6,765	3254	
6,77	3360	
6,775	3467	
6,78	3561	
6,785	3628	
6,79	3697	
6,795	3767	
6,8	3845	
6,805	3915	
6,81	4028	
6,815	4118	
6,82	4203	
6,825	4263	
6,83	4328	
6,835	4327	
6,84	4402	
6,845	4467	
6,85	4529	
6,855	4638	
6,86	4718	
6,865	4791	
6,87	4838	
6,875	4882	
6,88	4898	
6,885	4912	
6,89	4930	
6,895	4967	
6,9	4989	
6,905	5019	
6,91	5069	
6,915	5104	
6,92	5124	
6,925	5136	
6,93	5146	
6,935	5143	
6,94	5164	
6,945	5201	
6,95	5207	
6,955	5230	
6,96	5244	
6,965	5229	
6,97	5198	
6,975	5156	
6,98	5127	
6,985	5102	
6,99	5082	
6,995	5089	
7,0	5073	
7,005	5047	
7,01	4986	
7,015	4945	
7,02	4877	
7,025	4825	
7,03	4774	
7,035	4751	
7,04	4717	
7,045	4669	
7,05	4642	
7,055	4591	
7,06	4522	
7,065	4457	
7,07	4387	
7,075	4309	
7,08	4210	
7,085	4131	
7,09	4065	
7,095	3988	
7,1	3888	
7,105	3797	
7,11	3691	
7,115	3600	
7,12	3508	
7,125	3454	
7,13	3371	
7,135	3310	
7,14	3244	
7,145	3160	
7,15	3045	
7,155	2939	
7,16	2838	
7,165	2676	
7,17	2571	
7,175	2479	
7,18	2379	
7,185	2279	
7,19	2156	
7,195	2023	
7,2	1893	
7,205	1763	
7,21	1630	
7,215	1542	
7,22	1428	
7,225	1336	
7,23	1235	
7,235	1130	
7,24	994	
7,245	812	
7,25	669	
7,255	538	
7,26	412	
7,265	298	
7,27	180	
7,275	66	
7,28	-59	
7,285	-170	
7,29	-293	
7,295	-404	
7,3	-530	
7,305	-623	
7,31	-750	
7,315	-887	
7,32	-1020	
7,325	-1229	
7,33	-1367	
7,335	-1490	
7,34	-1588	
7,345	-1690	
7,35	-1767	
7,355	-1857	
7,36	-1948	
7,365	-2074	
7,37	-2209	
7,375	-2358	
7,38	-2504	
7,385	-2625	
7,39	-2712	
7,395	-2801	
7,4	-2868	
7,405	-2988	
7,41	-3082	
7,415	-3205	
7,42	-3349	
7,425	-3460	
7,43	-3558	
7,435	-3655	
7,44	-3714	
7,445	-3754	
7,45	-3817	
7,455	-3891	
7,46	-3995	
7,465	-4099	
7,47	-4191	
7,475	-4262	
7,48	-4316	
7,485	-4363	
7,49	-4383	
7,495	-4421	
7,5	-4502	
7,505	-4586	
7,51	-4673	
7,515	-4747	
7,52	-4835	
7,525	-4880	
7,53	-4890	
7,535	-4900	
7,54	-4916	
7,545	-4934	
7,55	-4959	
7,555	-5021	
7,56	-5088	
7,565	-5137	
7,57	-5161	
7,575	-5145	
7,58	-5125	
7,585	-5117	
7,59	-5128	
7,595	-5163	
7,6	-5204	
7,605	-5252	
7,61	-5278	
7,615	-5285	
7,62	-5253	
7,625	-5210	
7,63	-5160	
7,635	-5106	
7,64	-5083	
7,645	-5094	
7,65	-5101	
7,655	-5105	
7,66	-5081	
7,665	-5021	
7,67	-4952	
7,675	-4885	
7,68	-4824	
7,685	-4771	
7,69	-4758	
7,695	-4747	
7,7	-4711	
7,705	-4662	
7,71	-4605	
7,715	-4527	
7,72	-4448	
7,725	-4361	
7,73	-4298	
7,735	-4268	
7,74	-4196	
7,745	-4119	
7,75	-4032	
7,755	-3937	
7,76	-3822	
7,765	-3721	
7,77	-3629	
7,775	-3550	
7,78	-3476	
7,785	-3408	
7,79	-3340	
7,795	-3248	
7,8	-3153	
7,805	-3035	
7,81	-2829	
7,815	-2724	
7,82	-2650	
7,825	-2590	
7,83	-2506	
7,835	-2433	
7,84	-2301	
7,845	-2149	
7,85	-1995	
7,855	-1847	
7,86	-1713	
7,865	-1611	
7,87	-1536	
7,875	-1427	
7,88	-1325	
7,885	-1219	
7,89	-1011	
7,895	-859	
7,9	-721	
7,905	-590	
7,91	-458	
7,915	-327	
7,92	-243	
7,925	-135	
7,93	-38	
7,935	72	
7,94	191	
7,945	341	
7,95	475	
7,955	600	
7,96	728	
7,965	836	
7,97	984	
7,975	1113	
7,98	1237	
7,985	1377	
7,99	1513	
7,995	1642	
8,0	1746	
8,005	1846	
8,01	1942	
8,015	2032	
8,02	2153	
8,025	2288	
8,03	2403	
8,035	2525	
8,04	2646	
8,045	2732	
8,05	2869	
8,055	2964	
8,06	3048	
8,065	3159	
8,07	3251	
8,075	3366	
8,08	3474	
8,085	3576	
8,09	3661	
8,095	3751	
8,1	3824	
8,105	3877	
8,11	3933	
8,115	4028	
8,12	4127	
8,125	4207	
8,13	4305	
8,135	4427	
8,14	4466	
8,145	4516	
8,15	4556	
8,155	4629	
8,16	4692	
8,165	4765	
8,17	4831	
8,175	4877	
8,18	4926	
8,185	4934	
8,19	4954	
8,195	4982	
8,2	5019	
8,205	5077	
8,21	5147	
8,215	5207	
8,22	5261	
8,225	5278	
8,23	5278	
8,235	5266	
8,24	5268	
8,245	5259	
8,25	5259	
8,255	5278	
8,26	5269	
8,265	5287	
8,27	5273	
8,275	5237	
8,28	5211	
8,285	5184	
8,29	5161	
8,295	5149	
8,3	5142	
8,305	5135	
8,31	5132	
8,315	5113	
8,32	5066	
8,325	4994	
8,33	4945	
8,335	4873	
8,34	4818	
8,345	4772	
8,35	4774	
8,355	4744	
8,36	4675	
8,365	4632	
8,37	4552	
8,375	4415	
8,38	4358	
8,385	4290	
8,39	4225	
8,395	4154	
8,4	4102	
8,405	4003	
8,41	3927	
8,415	3829	
8,42	3735	
8,425	3638	
8,43	3549	
8,435	3471	
8,44	3393	
8,445	3302	
8,45	3188	
8,455	3010	
8,46	2888	
8,465	2768	
8,47	2666	
8,475	2580	
8,48	2500	
8,485	2436	
8,49	2338	
8,495	2247	
8,5	2122	
8,505	1980	
8,51	1823	
8,515	1678	
8,52	1563	
8,525	1454	
8,53	1380	
8,535	1246	
8,54	1110	
8,545	967	
8,55	791	
8,555	632	
8,56	503	
8,565	403	
8,57	315	
8,575	231	
8,58	129	
8,585	2	
8,59	-148	
8,595	-283	
8,6	-431	
8,605	-546	
8,61	-672	
8,615	-775	
8,62	-935	
8,625	-1062	
8,63	-1173	
8,635	-1300	
8,64	-1436	
8,645	-1566	
8,65	-1682	
8,655	-1787	
8,66	-1891	
8,665	-2014	
8,67	-2099	
8,675	-2211	
8,68	-2347	
8,685	-2493	
8,69	-2593	
8,695	-2719	
8,7	-2877	
8,705	-2941	
8,71	-3046	
8,715	-3133	
8,72	-3251	
8,725	-3368	
8,73	-3487	
8,735	-3582	
8,74	-3685	
8,745	-3767	
8,75	-3809	
8,755	-3862	
8,76	-3944	
8,765	-4030	
8,77	-4120	
8,775	-4233	
8,78	-4389	
8,785	-4466	
8,79	-4517	
8,795	-4547	
8,8	-4586	
8,805	-4652	
8,81	-4699	
8,815	-4765	
8,82	-4848	
8,825	-4892	
8,83	-4938	
8,835	-4961	
8,84	-4989	
8,845	-5024	
8,85	-5049	
8,855	-5076	
8,86	-5148	
8,865	-5186	
8,87	-5226	
8,875	-5264	
8,88	-5294	
8,885	-5290	
8,89	-5280	
8,895	-5265	
8,9	-5278	
8,905	-5283	
8,91	-5294	
8,915	-5318	
8,92	-5336	
8,925	-5312	
8,93	-5307	
8,935	-5262	
8,94	-5211	
8,945	-5172	
8,95	-5177	
8,955	-5139	
8,96	-5130	
8,965	-5106	
8,97	-5084	
8,975	-5016	
8,98	-4967	
8,985	-4903	
8,99	-4864	
8,995	-4823	
9,0	-4791	
9,005	-4773	
9,01	-4736	
9,015	-4667	
9,02	-4558	
9,025	-4474	
9,03	-4371	
9,035	-4301	
9,04	-4228	
9,045	-4163	
9,05	-4119	
9,055	-4057	
9,06	-3985	
9,065	-3905	
9,07	-3804	
9,075	-3706	
9,08	-3605	
9,085	-3515	
9,09	-3422	
9,095	-3348	
9,1	-3259	
9,105	-3078	
9,11	-2982	
9,115	-2837	
9,12	-2737	
9,125	-2636	
9,13	-2538	
9,135	-2453	
9,14	-2359	
9,145	-2235	
9,15	-2122	
9,155	-2005	
9,16	-1873	
9,165	-1765	
9,17	-1661	
9,175	-1551	
9,18	-1435	
9,185	-1267	
9,19	-1145	
9,195	-1013	
9,2	-880	
9,205	-744	
9,21	-615	
9,215	-482	
9,22	-366	
9,225	-269	
9,23	-163	
9,235	-62	
9,24	78	
9,245	214	
9,25	380	
9,255	528	
9,26	675	
9,265	850	
9,27	946	
9,275	1059	
9,28	1152	
9,285	1283	
9,29	1406	
9,295	1536	
9,3	1659	
9,305	1777	
9,31	1883	
9,315	2018	
9,32	2124	
9,325	2228	
9,33	2332	
9,335	2464	
9,34	2550	
9,345	2714	
9,35	2838	
9,355	2943	
9,36	3045	
9,365	3145	
9,37	3243	
9,375	3332	
9,38	3426	
9,385	3515	
9,39	3620	
9,395	3727	
9,4	3789	
9,405	3876	
9,41	3963	
9,415	4039	
9,42	4119	
9,425	4238	
9,43	4332	
9,435	4388	
9,44	4453	
9,445	4509	
9,45	4578	
9,455	4638	
9,46	4701	
9,465	4761	
9,47	4820	
9,475	4876	
9,48	4934	
9,485	4979	
9,49	5020	
9,495	5057	
9,5	5085	
9,505	5109	
9,51	5139	
9,515	5179	
9,52	5223	
9,525	5259	
9,53	5300	
9,535	5291	
9,54	5293	
9,545	5280	
9,55	5307	
9,555	5302	
9,56	5341	
9,565	5362	
9,57	5371	
9,575	5347	
9,58	5349	
9,585	5315	
9,59	5275	
9,595	5269	
9,6	5232	
9,605	5223	
9,61	5200	
9,615	5198	
9,62	5146	
9,625	5111	
9,63	5045	
9,635	5004	
9,64	4927	
9,645	4869	
9,65	4819	
9,655	4773	
9,66	4729	
9,665	4682	
9,67	4624	
9,675	4533	
9,68	4462	
9,685	4376	
9,69	4301	
9,695	4214	
9,7	4176	
9,705	4096	
9,71	4014	
9,715	3917	
9,72	3839	
9,725	3729	
9,73	3631	
9,735	3552	
9,74	3449	
9,745	3367	
9,75	3233	
9,755	3145	
9,76	3048	
9,765	2932	
9,77	2840	
9,775	2732	
9,78	2610	
9,785	2492	
9,79	2388	
9,795	2276	
9,8	2176	
9,805	2052	
9,81	1942	
9,815	1822	
9,82	1706	
9,825	1557	
9,83	1403	
9,835	1282	
9,84	1184	
9,845	1089	
9,85	957	
9,855	827	
9,86	693	
9,865	546	
9,87	395	
9,875	266	
9,88	137	
9,885	23	
9,89	-78	
9,895	-195	
9,9	-324	
9,905	-442	
9,91	-652	
9,915	-771	
9,92	-880	
9,925	-1008	
9,93	-1142	
9,935	-1259	
9,94	-1388	
9,945	-1522	
9,95	-1637	
9,955	-1760	
9,96	-1867	
9,965	-1972	
9,97	-2098	
9,975	-2216	
9,98	-2316	
9,985	-2434	
9,99	-2615	
9,995	-2717	
10,0	-2830	
10,005	-2921	
10,01	-3017	
10,015	-3112	
10,02	-3213	
10,025	-3307	
10,03	-3438	
10,035	-3551	
10,04	-3639	
10,045	-3734	
10,05	-3808	
10,055	-3881	
10,06	-3954	
10,065	-4049	
10,07	-4133	
10,075	-4262	
10,08	-4344	
10,085	-4427	
10,09	-4499	
10,095	-4542	
10,1	-4606	
10,105	-4657	
10,11	-4704	
10,115	-4756	
10,12	-4811	
10,125	-4875	
10,13	-4946	
10,135	-4987	
10,14	-5053	
10,145	-5104	
10,15	-5139	
10,155	-5189	
10,16	-5214	
10,165	-5235	
10,17	-5268	
10,175	-5292	
10,18	-5304	
10,185	-5315	
10,19	-5327	
10,195	-5313	
10,2	-5338	
10,205	-5341	
10,21	-5353	
10,215	-5360	
10,22	-5366	
10,225	-5346	
10,23	-5334	
10,235	-5311	
10,24	-5281	
10,245	-5277	
10,25	-5257	
10,255	-5226	
10,26	-5227	
10,265	-5213	
10,27	-5178	
10,275	-5136	
10,28	-5083	
10,285	-5020	
10,29	-4967	
10,295	-4901	
10,3	-4872	
10,305	-4840	
10,31	-4788	
10,315	-4690	
10,32	-4631	
10,325	-4551	
10,33	-4476	
10,335	-4413	
10,34	-4336	
10,345	-4278	
10,35	-4207	
10,355	-4137	
10,36	-4076	
10,365	-3991	
10,37	-3889	
10,375	-3799	
10,38	-3700	
10,385	-3606	
10,39	-3507	
10,395	-3393	
10,4	-3290	
10,405	-3190	
10,41	-3075	
10,415	-2964	
10,42	-2843	
10,425	-2734	
10,43	-2617	
10,435	-2511	
10,44	-2408	
10,445	-2312	
10,45	-2202	
10,455	-2082	
10,46	-1971	
10,465	-1831	
10,47	-1713	
10,475	-1537	
10,48	-1440	
10,485	-1327	
10,49	-1224	
10,495	-1088	
10,5	-945	
10,505	-811	
10,51	-673	
10,515	-557	
10,52	-439	
10,525	-334	
10,53	-197	
10,535	-98	
10,54	37	
10,545	183	
10,55	328	
10,555	449	
10,56	677	
10,565	781	
10,57	877	
10,575	994	
10,58	1101	
10,585	1204	
10,59	1346	
10,595	1479	
10,6	1618	
10,605	1739	
10,61	1873	
10,615	1972	
10,62	2083	
10,625	2203	
10,63	2314	
10,635	2415	
10,64	2590	
10,645	2697	
10,65	2807	
10,655	2928	
10,66	3034	
10,665	3130	
10,67	3212	
10,675	3289	
10,68	3389	
10,685	3467	
10,69	3582	
10,695	3685	
10,7	3785	
10,705	3871	
10,71	3946	
10,715	4007	
10,72	4121	
10,725	4196	
10,73	4293	
10,735	4382	
10,74	4452	
10,745	4534	
10,75	4600	
10,755	4650	
10,76	4706	
10,765	4772	
10,77	4817	
10,775	4889	
10,78	4943	
10,785	5001	
10,79	5065	
10,795	5114	
10,8	5138	
10,805	5163	
10,81	5178	
10,815	5186	
10,82	5224	
10,825	5271	
10,83	5317	
10,835	5351	
10,84	5366	
10,845	5368	
10,85	5352	
10,855	5348	
10,86	5345	
10,865	5354	
10,87	5368	
10,875	5386	
10,88	5382	
10,885	5383	
10,89	5340	
10,895	5313	
10,9	5272	
10,905	5228	
10,91	5185	
10,915	5142	
10,92	5140	
10,925	5100	
10,93	5081	
10,935	5032	
10,94	5016	
10,945	4954	
10,95	4911	
10,955	4835	
10,96	4768	
10,965	4691	
10,97	4638	
10,975	4581	
10,98	4538	
10,985	4462	
10,99	4386	
10,995	4318	
11,0	4231	
11,005	4130	
11,01	4051	
11,015	3977	
11,02	3869	
11,025	3763	
11,03	3685	
11,035	3584	
11,04	3493	
11,045	3374	
11,05	3278	
11,055	3175	
11,06	3093	
11,065	2982	
11,07	2884	
11,075	2766	
11,08	2667	
11,085	2541	
11,09	2431	
11,095	2302	
11,1	2196	
11,105	2097	
11,11	1973	
11,115	1852	
11,12	1744	
11,125	1546	
11,13	1428	
11,135	1310	
11,14	1178	
11,145	1060	
11,15	946	
11,155	822	
11,16	704	
11,165	578	
11,17	450	
11,175	325	
11,18	194	
11,185	48	
11,19	-79	
11,195	-217	
11,2	-334	
11,205	-514	
11,21	-622	
11,215	-723	
11,22	-842	
11,225	-968	
11,23	-1097	
11,235	-1225	
11,24	-1369	
11,245	-1488	
11,25	-1602	
11,255	-1731	
11,26	-1828	
11,265	-1932	
11,27	-2055	
11,275	-2179	
11,28	-2289	
11,285	-2492	
11,29	-2586	
11,295	-2692	
11,3	-2784	
11,305	-2873	
11,31	-2942	
11,315	-3040	
11,32	-3137	
11,325	-3250	
11,33	-3395	
11,335	-3510	
11,34	-3626	
11,345	-3720	
11,35	-3796	
11,355	-3853	
11,36	-3929	
11,365	-4073	
11,37	-4146	
11,375	-4227	
11,38	-4308	
11,385	-4392	
11,39	-4451	
11,395	-4523	
11,4	-4606	
11,405	-4649	
11,41	-4714	
11,415	-4774	
11,42	-4825	
11,425	-4892	
11,43	-4961	
11,435	-4997	
11,44	-5040	
11,445	-5091	
11,45	-5111	
11,455	-5132	
11,46	-5194	
11,465	-5234	
11,47	-5279	
11,475	-5314	
11,48	-5351	
11,485	-5355	
11,49	-5339	
11,495	-5332	
11,5	-5341	
11,505	-5348	
11,51	-5354	
11,515	-5369	
11,52	-5383	
11,525	-5378	
11,53	-5328	
11,535	-5322	
11,54	-5275	
11,545	-5237	
11,55	-5195	
11,555	-5215	
11,56	-5198	
11,565	-5199	
11,57	-5177	
11,575	-5181	
11,58	-5107	
11,585	-5038	
11,59	-4958	
11,595	-4912	
11,6	-4850	
11,605	-4804	
11,61	-4776	
11,615	-4728	
11,62	-4648	
11,625	-4601	
11,63	-4525	
11,635	-4422	
11,64	-4352	
11,645	-4287	
11,65	-4201	
11,655	-4127	
11,66	-4062	
11,665	-3979	
11,67	-3920	
11,675	-3822	
11,68	-3737	
11,685	-3638	
11,69	-3467	
11,695	-3355	
11,7	-3256	
11,705	-3154	
11,71	-3068	
11,715	-2978	
11,72	-2876	
11,725	-2776	
11,73	-2667	
11,735	-2540	
11,74	-2421	
11,745	-2305	
11,75	-2194	
11,755	-2063	
11,76	-1950	
11,765	-1849	
11,77	-1674	
11,775	-1562	
11,78	-1444	
11,785	-1326	
11,79	-1186	
11,795	-1072	
11,8	-955	
11,805	-829	
11,81	-704	
11,815	-594	
11,82	-460	
11,825	-327	
11,83	-204	
11,835	-64	
11,84	50	
11,845	176	
11,85	340	
11,855	471	
11,86	587	
11,865	717	
11,87	832	
11,875	984	
11,88	1092	
11,885	1226	
11,89	1341	
11,895	1461	
11,9	1561	
11,905	1677	
11,91	1783	
11,915	1910	
11,92	2034	
11,925	2163	
11,93	2367	
11,935	2462	
11,94	2553	
11,945	2650	
11,95	2748	
11,955	2831	
11,96	2926	
11,965	3068	
11,97	3173	
11,975	3277	
11,98	3389	
11,985	3501	
11,99	3558	
11,995	3626	
12,0	3717	
12,005	3815	
12,01	3907	
12,015	4084	
12,02	4185	
12,025	4259	
12,03	4334	
12,035	4391	
12,04	4465	
12,045	4498	
12,05	4559	
12,055	4590	
12,06	4665	
12,065	4705	
12,07	4781	
12,075	4830	
12,08	4908	
12,085	4947	
12,09	5005	
12,095	5082	
12,1	5099	
12,105	5160	
12,11	5167	
12,115	5195	
12,12	5222	
12,125	5235	
12,13	5252	
12,135	5291	
12,14	5306	
12,145	5316	
12,15	5335	
12,155	5327	
12,16	5319	
12,165	5302	
12,17	5309	
12,175	5298	
12,18	5315	
12,185	5329	
12,19	5318	
12,195	5281	
12,2	5266	
12,205	5230	
12,21	5173	
12,215	5143	
12,22	5116	
12,225	5078	
12,23	5046	
12,235	5021	
12,24	4985	
12,245	4953	
12,25	4898	
12,255	4788	
12,26	4716	
12,265	4648	
12,27	4581	
12,275	4509	
12,28	4476	
12,285	4424	
12,29	4369	
12,295	4301	
12,3	4244	
12,305	4161	
12,31	4060	
12,315	3977	
12,32	3884	
12,325	3795	
12,33	3718	
12,335	3580	
12,34	3502	
12,345	3395	
12,35	3294	
12,355	3182	
12,36	3081	
12,365	2975	
12,37	2864	
12,375	2750	
12,38	2640	
12,385	2530	
12,39	2416	
12,395	2289	
12,4	2165	
12,405	2061	
12,41	1955	
12,415	1819	
12,42	1702	
12,425	1595	
12,43	1469	
12,435	1343	
12,44	1194	
12,445	1076	
12,45	956	
12,455	815	
12,46	701	
12,465	600	
12,47	476	
12,475	360	
12,48	251	
12,485	107	
12,49	-53	
12,495	-186	
12,5	-379	
12,505	-486	
12,51	-578	
12,515	-691	
12,52	-800	
12,525	-914	
12,53	-1073	
12,535	-1215	
12,54	-1356	
12,545	-1486	
12,55	-1601	
12,555	-1704	
12,56	-1791	
12,565	-1895	
12,57	-2009	
12,575	-2097	
12,58	-2273	
12,585	-2400	
12,59	-2505	
12,595	-2639	
12,6	-2746	
12,605	-2847	
12,61	-2937	
12,615	-3040	
12,62	-3099	
12,625	-3212	
12,63	-3305	
12,635	-3417	
12,64	-3527	
12,645	-3640	
12,65	-3740	
12,655	-3829	
12,66	-3949	
12,665	-4029	
12,67	-4114	
12,675	-4194	
12,68	-4285	
12,685	-4357	
12,69	-4388	
12,695	-4444	
12,7	-4502	
12,705	-4546	
12,71	-4594	
12,715	-4664	
12,72	-4735	
12,725	-4789	
12,73	-4836	
12,735	-4876	
12,74	-4947	
12,745	-4992	
12,75	-5033	
12,755	-5089	
12,76	-5162	
12,765	-5199	
12,77	-5239	
12,775	-5256	
12,78	-5249	
12,785	-5242	
12,79	-5225	
12,795	-5227	
12,8	-5226	
12,805	-5260	
12,81	-5277	
12,815	-5294	
12,82	-5337	
12,825	-5317	
12,83	-5286	
12,835	-5271	
12,84	-5256	
12,845	-5218	
12,85	-5201	
12,855	-5197	
12,86	-5163	
12,865	-5109	
12,87	-5095	
12,875	-5064	
12,88	-5019	
12,885	-4969	
12,89	-4918	
12,895	-4874	
12,9	-4787	
12,905	-4753	
12,91	-4714	
12,915	-4680	
12,92	-4635	
12,925	-4567	
12,93	-4494	
12,935	-4407	
12,94	-4317	
12,945	-4216	
12,95	-4134	
12,955	-4047	
12,96	-3985	
12,965	-3908	
12,97	-3849	
12,975	-3765	
12,98	-3691	
12,985	-3565	
12,99	-3466	
12,995	-3358	
13,0	-3256	
13,005	-3141	
13,01	-3055	
13,015	-2954	
13,02	-2854	
13,025	-2750	
13,03	-2661	
13,035	-2551	
13,04	-2428	
13,045	-2327	
13,05	-2221	
13,055	-2114	
13,06	-1991	
13,065	-1804	
13,07	-1687	
13,075	-1578	
13,08	-1457	
13,085	-1358	
13,09	-1232	
13,095	-1132	
13,1	-990	
13,105	-851	
13,11	-726	
13,115	-613	
13,12	-492	
13,125	-386	
13,13	-283	
13,135	-162	
13,14	-26	
13,145	197	
13,15	307	
13,155	432	
13,16	567	
13,165	666	
13,17	765	
13,175	906	
13,18	1050	
13,185	1174	
13,19	1316	
13,195	1436	
13,2	1544	
13,205	1633	
13,21	1733	
13,215	1839	
13,22	1939	
13,225	2133	
13,23	2234	
13,235	2367	
13,24	2482	
13,245	2600	
13,25	2689	
13,255	2779	
13,26	2847	
13,265	2940	
13,27	3031	
13,275	3168	
13,28	3293	
13,285	3439	
13,29	3549	
13,295	3634	
13,3	3686	
13,305	3769	
13,31	3850	
13,315	3928	
13,32	4050	
13,325	4153	
13,33	4245	
13,335	4331	
13,34	4376	
13,345	4388	
13,35	4422	
13,355	4489	
13,36	4515	
13,365	4590	
13,37	4682	
13,375	4767	
13,38	4814	
13,385	4900	
13,39	4934	
13,395	4964	
13,4	4980	
13,405	5013	
13,41	5047	
13,415	5096	
13,42	5134	
13,425	5175	
13,43	5205	
13,435	5220	
13,44	5217	
13,445	5220	
13,45	5224	
13,455	5220	
13,46	5237	
13,465	5242	
13,47	5235	
13,475	5233	
13,48	5213	
13,485	5215	
13,49	5208	
13,495	5205	
13,5	5198	
13,505	5171	
13,51	5133	
13,515	5101	
13,52	5053	
13,525	5010	
13,53	4970	
13,535	4930	
13,54	4889	
13,545	4850	
13,55	4795	
13,555	4739	
13,56	4687	
13,565	4630	
13,57	4564	
13,575	4491	
13,58	4436	
13,585	4362	
13,59	4284	
13,595	4225	
13,6	4162	
13,605	4087	
13,61	4000	
13,615	3949	
13,62	3866	
13,625	3772	
13,63	3622	
13,635	3538	
13,64	3430	
13,645	3339	
13,65	3264	
13,655	3147	
13,66	3061	
13,665	2961	
13,67	2868	
13,675	2757	
13,68	2657	
13,685	2553	
13,69	2433	
13,695	2308	
13,7	2189	
13,705	2082	
13,71	1929	
13,715	1840	
13,72	1741	
13,725	1642	
13,73	1514	
13,735	1381	
13,74	1213	
13,745	1087	
13,75	962	
13,755	843	
13,76	731	
13,765	663	
13,77	561	
13,775	425	
13,78	304	
13,785	181	
13,79	-70	
13,795	-198	
13,8	-331	
13,805	-452	
13,81	-535	
13,815	-625	
13,82	-716	
13,825	-833	
13,83	-963	
13,835	-1118	
13,84	-1282	
13,845	-1417	
13,85	-1552	
13,855	-1650	
13,86	-1746	
13,865	-1841	
13,87	-1981	
13,875	-2102	
13,88	-2235	
13,885	-2351	
13,89	-2482	
13,895	-2601	
13,9	-2699	
13,905	-2763	
13,91	-2862	
13,915	-2943	
13,92	-3025	
13,925	-3147	
13,93	-3242	
13,935	-3352	
13,94	-3447	
13,945	-3544	
13,95	-3605	
13,955	-3710	
13,96	-3782	
13,965	-3870	
13,97	-3974	
13,975	-4061	
13,98	-4159	
13,985	-4228	
13,99	-4287	
13,995	-4336	
14,0	-4387	
14,005	-4431	
14,01	-4500	
14,015	-4544	
14,02	-4614	
14,025	-4674	
14,03	-4725	
14,035	-4789	
14,04	-4821	
14,045	-4860	
14,05	-4880	
14,055	-4930	
14,06	-4986	
14,065	-5047	
14,07	-5090	
14,075	-5124	
14,08	-5151	
14,085	-5146	
14,09	-5134	
14,095	-5106	
14,1	-5099	
14,105	-5103	
14,11	-5121	
14,115	-5153	
14,12	-5198	
14,125	-5208	
14,13	-5200	
14,135	-5188	
14,14	-5162	
14,145	-5105	
14,15	-5063	
14,155	-5049	
14,16	-5019	
14,165	-5008	
14,17	-5000	
14,175	-4980	
14,18	-4945	
14,185	-4910	
14,19	-4842	
14,195	-4778	
14,2	-4711	
14,205	-4643	
14,21	-4603	
14,215	-4570	
14,22	-4486	
14,225	-4432	
14,23	-4402	
14,235	-4314	
14,24	-4251	
14,245	-4185	
14,25	-4131	
14,255	-4040	
14,26	-3971	
14,265	-3889	
14,27	-3805	
14,275	-3677	
14,28	-3593	
14,285	-3537	
14,29	-3456	
14,295	-3379	
14,3	-3261	
14,305	-3165	
14,31	-3039	
14,315	-2932	
14,32	-2819	
14,325	-2731	
14,33	-2619	
14,335	-2534	
14,34	-2433	
14,345	-2346	
14,35	-2228	
14,355	-2048	
14,36	-1930	
14,365	-1790	
14,37	-1681	
14,375	-1572	
14,38	-1481	
14,385	-1391	
14,39	-1296	
14,395	-1192	
14,4	-1099	
14,405	-957	
14,41	-838	
14,415	-699	
14,42	-566	
14,425	-432	
14,43	-323	
14,435	-219	
14,44	-43	
14,445	82	
14,45	210	
14,455	325	
14,46	465	
14,465	584	
14,47	725	
14,475	844	
14,48	978	
14,485	1107	
14,49	1229	
14,495	1310	
14,5	1405	
14,505	1501	
14,51	1582	
14,515	1698	
14,52	1879	
14,525	2013	
14,53	2142	
14,535	2259	
14,54	2373	
14,545	2483	
14,55	2564	
14,555	2628	
14,56	2724	
14,565	2814	
14,57	2918	
14,575	3026	
14,58	3159	
14,585	3260	
14,59	3351	
14,595	3426	
14,6	3556	
14,605	3626	
14,61	3704	
14,615	3799	
14,62	3875	
14,625	3951	
14,63	4029	
14,635	4102	
14,64	4167	
14,645	4256	
14,65	4306	
14,655	4356	
14,66	4433	
14,665	4488	
14,67	4524	
14,675	4591	
14,68	4676	
14,685	4722	
14,69	4770	
14,695	4821	
14,7	4868	
14,705	4911	
14,71	4947	
14,715	4996	
14,72	5009	
14,725	5026	
14,73	5044	
14,735	5046	
14,74	5056	
14,745	5069	
14,75	5091	
14,755	5118	
14,76	5112	
14,765	5115	
14,77	5113	
14,775	5083	
14,78	5061	
14,785	5045	
14,79	5060	
14,795	5048	
14,8	5053	
14,805	5065	
14,81	5051	
14,815	5005	
14,82	4955	
14,825	4893	
14,83	4821	
14,835	4792	
14,84	4743	
14,845	4720	
14,85	4706	
14,855	4670	
14,86	4621	
14,865	4552	
14,87	4500	
14,875	4420	
14,88	4345	
14,885	4278	
14,89	4224	
14,895	4163	
14,9	4118	
14,905	4059	
14,91	4006	
14,915	3937	
14,92	3851	
14,925	3690	
14,93	3591	
14,935	3502	
14,94	3413	
14,945	3333	
14,95	3254	
14,955	3170	
14,96	3066	
14,965	2968	
14,97	2859	
14,975	2764	
14,98	2655	
14,985	2576	
14,99	2481	
14,995	2386	
15,0	2292	
15,005	2120	
15,01	1990	
15,015	1872	
15,02	1763	
15,025	1651	
15,03	1544	
15,035	1440	
15,04	1334	
15,045	1216	
15,05	1103	
15,055	972	
15,06	842	
15,065	697	
15,07	582	
15,075	450	
15,08	349	
15,085	195	
15,09	73	
15,095	-48	
15,1	-188	
15,105	-287	
15,11	-434	
15,115	-536	
15,12	-628	
15,125	-714	
15,13	-824	
15,135	-937	
15,14	-1051	
15,145	-1187	
15,15	-1337	
15,155	-1462	
15,16	-1593	
15,165	-1771	
15,17	-1854	
15,175	-1963	
15,18	-2043	
15,185	-2128	
15,19	-2246	
15,195	-2362	
15,2	-2473	
15,205	-2582	
15,21	-2691	
15,215	-2785	
15,22	-2879	
15,225	-2961	
15,23	-3058	
15,235	-3144	
15,24	-3235	
15,245	-3377	
15,25	-3471	
15,255	-3558	
15,26	-3636	
15,265	-3735	
15,27	-3813	
15,275	-3897	
15,28	-3963	
15,285	-4047	
15,29	-4114	
15,295	-4181	
15,3	-4226	
15,305	-4290	
15,31	-4343	
15,315	-4390	
15,32	-4436	
15,325	-4537	
15,33	-4597	
15,335	-4652	
15,34	-4711	
15,345	-4737	
15,35	-4760	
15,355	-4782	
15,36	-4791	
15,365	-4829	
15,37	-4871	
15,375	-4921	
15,38	-4966	
15,385	-5010	
15,39	-5032	
15,395	-5041	
15,4	-5015	
15,405	-5021	
15,41	-5014	
15,415	-5025	
15,42	-5034	
15,425	-5067	
15,43	-5039	
15,435	-5041	
15,44	-5038	
15,445	-5010	
15,45	-4972	
15,455	-4946	
15,46	-4937	
15,465	-4916	
15,47	-4898	
15,475	-4879	
15,48	-4863	
15,485	-4813	
15,49	-4765	
15,495	-4727	
15,5	-4672	
15,505	-4631	
15,51	-4559	
15,515	-4504	
15,52	-4434	
15,525	-4394	
15,53	-4320	
15,535	-4290	
15,54	-4232	
15,545	-4189	
15,55	-4122	
15,555	-4059	
15,56	-3960	
15,565	-3887	
15,57	-3757	
15,575	-3671	
15,58	-3596	
15,585	-3526	
15,59	-3441	
15,595	-3370	
15,6	-3274	
15,605	-3180	
15,61	-3113	
15,615	-2981	
15,62	-2873	
15,625	-2767	
15,63	-2661	
15,635	-2534	
15,64	-2446	
15,645	-2363	
15,65	-2225	
15,655	-2153	
15,66	-2044	
15,665	-1926	
15,67	-1793	
15,675	-1687	
15,68	-1569	
15,685	-1465	
15,69	-1376	
15,695	-1294	
15,7	-1181	
15,705	-1051	
15,71	-924	
15,715	-791	
15,72	-650	
15,725	-507	
15,73	-352	
15,735	-235	
15,74	-133	
15,745	-33	
15,75	82	
15,755	186	
15,76	310	
15,765	420	
15,77	559	
15,775	653	
15,78	781	
15,785	875	
15,79	1006	
15,795	1130	
15,8	1266	
15,805	1368	
15,81	1567	
15,815	1646	
15,82	1738	
15,825	1833	
15,83	1912	
15,835	2029	
