t	x	v_x
0.0	44.113334436630375	
0.16	44.263842871102646	0.04954302503937121
0.32	44.12918820464298	-0.9745436825635152
0.48	43.95198889268232	-0.9622354623122031
0.64	43.821272856703075	0.23172809606448125
0.8	44.02614188342295	1.3834136749112018
0.96	44.263965232674664	0.602526287920382
1.12	44.21895029555748	-0.4188839331236983
1.28	44.129922374075086	-0.8480921238864491
1.44	43.94756081591381	-1.0963346192403738
1.6	43.77909529591816	0.1145257183383118
1.76	43.984209045782066	1.3403709355562128
1.92	44.20801399529615	0.6909060461057493
2.08	44.20529898053591	-0.3443419148399607
2.24	44.09782458254737	-0.7020671266194788
2.4	43.98063750001768	-0.9380014017220042
2.56	43.79766413399632	-0.061851418119823254
2.72	43.96084504621934	1.2273747368681753
2.88	44.19042404979413	1.112466638617306
3.04	44.316834370576885	0.016896779202047532
3.2	44.19583101913879	-0.6709502276032436
3.36	44.10213029774385	-0.7032142663571065
3.52	43.97080245390452	-1.008719620880164
3.68	43.7793400190622	0.1706414377697283
3.84	44.02540771399084	1.1935811784640826
4.0	44.1612859961707	1.1139961582675804
4.16	44.38188648463646	0.25474295386744705
4.32	44.24280374140828	-0.9399853643343052
4.48	44.08109116804948	-0.8930467628042273
4.64	43.957028777310924	-0.8261523427716405
4.8	43.81672241836255	0.07071821915816254
4.96	43.979658607441536	0.8707966648263726
5.12	44.095377351107	0.7858583258540672
5.28	44.23113327171484	0.6582596274392839
5.44	44.306020431887575	-0.22675715720118914
5.6000000000000005	44.158570981410456	-0.9411325040719802
5.76	44.004858030584536	-1.0133081798309027
5.92	43.83431236386457	0.010013940776010564
6.08	44.008062491632856	0.7454922458869353
6.24	44.072869882548396	0.7120810673954449
6.4	44.2359284331994	0.8035198648812732
6.5600000000000005	44.3299962393104	-0.40007525435886426
6.72	44.107904351804564	-1.016821662093435
6.88	44.0046133074405	-0.4868534298444421
7.04	43.95211125425434	-0.5033678291339309
7.2	43.84353560211764	0.31743119486185783
7.36	44.05368923661014	1.008337240967604
7.520000000000001	44.16620351922728	0.6432747478000714
7.68	44.25953715590616	-0.18409679775875812
7.84	44.107292543944475	-0.7712558261273658
8.0	44.012735291545404	-0.7996240027061375
8.16	43.85141286307851	0.08226167958444891
8.32	44.03905902901242	1.3057405542775318
8.48	44.269249840447316	0.24128759387837453
8.64	44.1162710590535	-0.7678144069143484
8.8	44.02354923023472	-0.5863942685434501
8.96	43.9286248931196	-0.5079563880846655
9.120000000000001	43.86100318604763	0.7143753468707936
9.28	44.15722500411825	0.8453434014490342
9.44	44.131513074511325	-0.19487549835992732
9.6	44.09486484464308	-0.4983968902706825
9.76	43.972026069624704	-0.7235524647721703
9.92	43.863328055915986	-0.34771127100346183
10.08	43.8607584629036	0.5622322710028104
10.24	44.04324238263688	1.0217926009566358
10.4	44.187732095209725	0.7201110455591518
10.56	44.273677917215814	-0.3831784751568155
10.72	44.065114983159546	-1.076761180650469
10.88	43.92911433940767	-0.6528342456140043
11.040000000000003	43.85620802456307	0.45925001309082875
11.200000000000001	44.07607434359673	1.2707998561357348
11.36	44.2628639785265	0.32813783241346905
11.52	44.18107844996904	-0.8519879860615388
11.68	43.9902278229868	-1.130510557557068
11.84	43.81931507155078	0.29441633705893416
12.0	44.08444105084567	1.2834904562996348
12.16	44.23003201756667	0.6850982843678259
12.32	44.30367250184338	-0.34128287553949965
12.48	44.120821497394026	-1.3910612731623946
12.64	43.85853289443142	-0.9740892396014404
12.8	43.80911294072156	0.44502989327664116
12.96	44.000942460279944	1.2861671156875818
13.120000000000001	44.22068641774158	1.1227908962564013
13.280000000000001	44.36023554708199	-0.04770336135519561
13.44	44.205421342107925	-1.1432011577209884
13.6	43.99441117661128	-1.3103291132282215
13.76	43.7861160258749	0.004660622000205853
13.92	43.99590257565134	1.2385358173818568
14.08	44.182447487437095	1.1209510597431298
14.24	44.35460691476914	0.4787513886312189
14.4	44.33564793179909	-0.583407292292504
14.56	44.167916581235545	-1.1086428394917744
14.72	43.980882223161714	-0.8765323635147807
14.88	43.88742622491081	-0.5598659284779453
15.040000000000003	43.801725126048765	0.17530205976997862
15.200000000000001	43.9435228840372	0.9957187038532647
15.36	44.1203551112818	0.8150633253075183
15.52	44.2043431481356	0.7189639058214794
15.68	44.35042356114468	-0.09770100218573557
15.84	44.17307882743616	-1.150228122246094
16.0	43.982350562025935	-0.9579572202245538
16.16	43.866532516964305	0.26329943804274497
16.32	44.06660638219961	0.9280595239955508
16.48	44.16351156464288	0.6490104464884319
16.64	44.27428972507591	-0.14533230049145954
16.8	44.11700522848562	-0.853899885624371
16.96	44.00104176167611	-0.821946163733506
17.12	43.8539824560909	0.22874111981353615
17.28	44.07423892001645	0.9630722851868331
17.44	44.16216558735068	0.7201110455591531
17.6	44.30467445459537	0.0733228154965488
17.76	44.18562888830957	-0.7305794292972372
17.92	44.070889037220255	-0.4915140518446424
18.080000000000005	44.02834439171928	-0.5805865068055707
18.240000000000002	43.885101355042465	0.3740013572554402
18.400000000000002	44.14802482604102	1.3841784347363755
18.56	44.3280384541581	0.04335305621803253
18.72	44.161897804030794	-1.0237765635689842
18.88	44.000429953816024	-1.0690415193498022
19.04	43.819804517838854	0.16146431986834736
19.2	44.0520985361739	1.0564229822354043
19.36	44.157859872154184	0.9798970013393188
19.52	44.36566557660249	0.12943853492800986
19.68	44.19928020333115	-1.1125387016668653
19.84	44.009653192069095	-1.1589507971853112
20.0	43.82841594823184	-0.03180959579179039
20.16	43.99947412141572	1.0126154830553
20.32	44.152452902809536	1.203140676278018
20.48	44.38447913782469	0.14748245386772982
20.64	44.1996472880472	-1.2704895392726792
20.8	43.97792248525744	-1.2435067562451052
20.96	43.801725126048765	0.007026964525066832
21.12	43.980171113905456	1.3285171582669724
21.28	44.22685061669419	1.409487572014626
21.44	44.43120713695014	-0.14380278084118606
21.6	44.18083372682501	-1.3331057172176177
21.76	44.0046133074405	-1.1016879380162226
21.92	43.82829358665982	0.06887838264488931
22.080000000000005	44.02665438988687	1.1467146399835155
22.240000000000002	44.19524227145454	1.161245076660715
22.400000000000002	44.39825281441829	0.10099829529976767
22.56	44.22756172595046	-1.2147561997537892
22.72	44.00953083049708	-1.260021155534594
22.88	43.824354956179384	-0.031044835966675434
23.04	43.99959648298774	1.2447259590322939
23.2	44.222667263069724	1.3191959142665148
23.36	44.42173917555303	-0.0012192027871873697
23.52	44.22227711817782	-1.2185799988793506
23.68	44.03179357591164	-1.2892261549879982
23.84	43.80972474858166	-0.061014595245193363
24.0	44.01226890543318	1.1728606001364588
24.16	44.18504014062532	1.1631569762234446
24.32	44.38447913782469	0.20512769294946434
24.48	44.25068100236915	-1.1763020193494773
24.64	44.008062491632856	-1.3461066342446164
24.8	43.81992687941087	-0.30505091156102987
24.96	43.91044619993333	0.9818809639516658
25.12	44.134128787875404	1.6984785272482863
25.28	44.45395932865278	0.27737543175785795
25.44	44.22288892603792	-1.3353999966930084
25.6	44.02663132971102	-1.203140676278018
25.76	43.83788390962895	-0.2481704323044103
25.92	43.947216791373606	1.0133802428804037
26.080000000000005	44.16216558735068	1.6154520878387228
26.240000000000002	44.464161459482	0.2919779314845168
26.400000000000002	44.255598525425725	-1.250079277808143
26.560000000000002	44.064136090583396	-1.33418079390579
26.72	43.82866067137588	-0.42187090937464755
26.88	43.92913739958351	1.0133802428804148
27.04	44.15294234909761	1.5251604300906103
27.2	44.41718873721251	0.4660607884673037
27.36	44.30208180140714	-0.8392973858976247
27.52	44.14861357372527	-1.1162904377429241
27.68	43.944868861329404	-0.478369008718705
27.84	43.99553549093529	0.650612029188178
28.0	44.153064710669625	1.1885381765513165
28.16	44.37586770743171	0.17362841402067178
28.32	44.208625803156245	-0.9172808233943793
28.48	44.08233784394551	-0.8126969827826092
28.64	43.94856276866581	-0.23012651336473505
28.8	44.008697359668794	0.5526007101393563
28.96	44.125394995910405	1.004058998880003
29.12	44.3299962393104	0.3346382909269915
29.28	44.23247924900704	-0.5245428504236257
29.44	44.16214252717483	-0.8272994825093107
29.6	43.96774341460406	-0.45337018830339076
29.76	44.01706406691775	0.5476297712761525
29.92	44.14298494141242	1.1197318569558854
30.080000000000005	44.37537826114364	0.32156531085051876
30.240000000000002	44.24588584088458	-0.9584116631865933
30.400000000000002	44.06868652892393	-0.8407548424983398
30.560000000000002	43.97684429128511	0.07461408133325426
30.72	44.09256303495057	0.6536710684886015
30.88	44.18601903320147	0.026456277015984516
31.04	44.10102904359569	-0.7736221686522254
31.2	43.93845993923276	-0.4837943905439811
31.36	43.94621483862161	0.6964034909805858
31.52	44.161309056346546	
