t	v_x	x
0.0		7.548404221827754
0.16	0.24198413815709707	7.736802528938246
0.32	-0.7190046252751016	7.625839146038025
0.48	-0.9622763082940131	7.506721048850214
0.64	-0.8841900186319399	7.317910727383942
0.8	0.3942131996292754	7.223780242887994
0.96	1.3737376560139976	7.44405895126531
1.12	0.6655434545205429	7.663376292812473
1.28	-0.2799138873033544	7.657032856711884
1.44	-0.6163740999720346	7.573803848875398
1.6	-0.8488353592093111	7.459793144720832
1.76	-0.03235038807839238	7.30217653392842
1.92	0.9173987699515526	7.449441020535746
2.08	0.9476032499269216	7.595744140312918
2.24	0.21135047656111297	7.752674060512361
2.4	-0.7862804911555284	7.663376292812473
2.56	-0.6219534610398979	7.501064303342593
2.72	-0.4757329422561897	7.464351185279707
2.88	-0.4916935454850831	7.348829761820613
3.04	0.7573635560419625	7.30700925072448
3.2	1.1326118810981105	7.591186099754043
3.36	0.48954763738205814	7.669445052675876
3.52	-0.35971690344785884	7.747841343716302
3.68	-0.8841900186319392	7.554335643572562
3.84	-0.6892293269203266	7.464900537754081
4.0	0.6724103604502097	7.333782258958058
4.16	1.1968834756343125	7.68007185309815
4.32	-0.09919707233822556	7.716784971161037
4.48	-0.7224380782399302	7.648328789949917
4.64	-1.0485170487475706	7.4856047861242585
4.8	-0.1311182787960257	7.312803334350697
4.96	0.9191154964339612	7.44364693690953
5.12	0.9674264877412716	7.606920293209565
5.28	0.16261030363322013	7.753223412986736
5.44	-0.7383986814688338	7.658955590372194
5.6000000000000005	-0.9350760996628694	7.51693583491671
5.76	-0.6551622123595147	7.3597312384800775
5.92	0.11558685718772574	7.307283926961667
6.08	0.6249577323841331	7.396719032780149
6.24	0.6555913939801062	7.507270401324589
6.4	0.5572526848830897	7.606508278853784
6.5600000000000005	-0.17685418037969464	7.685591260487178
6.72	-0.689658508540932	7.5499149411322835
6.88	-0.47916639522102766	7.464900537754081
7.04	0.016818966470102385	7.396581694661555
7.2	0.5745008329738089	7.470282607024515
7.36	0.4589139757860719	7.580421961213174
7.520000000000001	-0.35842935858604386	7.617135079276059
7.68	-0.7047607485286184	7.465724566465642
7.84	-0.462347428750913	7.391611639746902
8.0	0.23074453275485696	7.317773389265349
8.16	0.7728949776502624	7.465449890228455
8.32	0.492122727105687	7.565099782113433
8.48	-0.06555913939801844	7.622929162902276
8.64	-0.6702644523471859	7.544120857506068
8.8	-0.6404891539924219	7.4084445381511745
8.96	-0.0030042713442341045	7.3391643282284935
9.120000000000001	0.8539855386565643	7.407483171321019
9.28	0.638772427510005	7.612439700598594
9.44	-0.39421319962927615	7.61189034812422
9.6	-0.3924964731468557	7.486291476717226
9.76	-0.3463313899425827	7.486291476717226
9.92	-0.4977020881735518	7.3754654319355994
10.08	0.08624074045355516	7.32702680850169
10.24	0.4187574352702684	7.403062468880738
10.4	0.3773942331591714	7.461029187788174
10.56	0.5210396622192518	7.5238286234916725
10.72	-0.3135518202435735	7.627761879698335
10.88	-0.7733241592708638	7.423492041013728
11.040000000000003	0.1928147836085886	7.380298148731659
11.200000000000001	0.3933548363880703	7.485192771768477
11.36	0.17119393604530886	7.50617169637584
11.52	-0.41883831853677983	7.539974831302975
11.68	-0.8716628683678723	7.372143434444069
11.84	-0.04265074697291177	7.261042713425255
12.0	0.5344251757245168	7.358495195412735
12.16	0.8927736510440369	7.432058769657099
12.32	0.31604602670069165	7.644182763746827
12.48	-0.8747480229786301	7.53319349820132
12.64	-0.828931238128439	7.364263396393666
12.8	-0.5352026556992144	7.267935502000218
12.96	0.12167628314271768	7.192998546569916
13.120000000000001	0.5840237118936294	7.306871912605886
13.280000000000001	0.7388278630894425	7.379886134375878
13.44	0.8099663635553151	7.5432968287945075
13.6	-0.21958581061912844	7.639075370713578
13.76	-1.077863165481737	7.473029369396387
13.92	-0.5300524762519565	7.294159157759423
14.08	0.1863770592995147	7.303412576995762
14.24	0.7375403182276237	7.3537998167352665
14.4	0.1392727295875201	7.5394254788286
14.56	-0.3916381099056454	7.398367090203272
14.72	0.03277956969900922	7.414101283658794
14.88	-0.15051233498975916	7.408856552506955
15.040000000000003	0.40287771530788646	7.365937336462071
15.200000000000001	1.025689539589006	7.537777421405478
15.36	0.03664220428445378	7.69415798913055
15.52	-0.6892293269203256	7.549502926776503
15.68	-0.6771313582768766	7.473604604516046
15.84	-0.2411257749158866	7.332820892127902
16.0	0.8073912738316921	7.396444356542962
16.16	0.3252206072664291	7.591186099754043
16.32	-0.13369336851965527	7.500514950868219
16.48	-0.259232286247805	7.548404221827754
16.64	-1.0312689006568583	7.41756061926892
16.8	-0.21349638466413773	7.21839817361756
16.96	0.7573635560419625	7.349241776176394
17.12	0.6849375107142756	7.460754511550987
17.28	0.5210396622192518	7.568421779604962
17.44	-0.1600352139095794	7.627487203461149
17.6	-0.5684922902853407	7.517210511153897
17.76	-0.5689214719059452	7.4455696705698395
17.92	-0.3674421726187311	7.335155640143993
18.080000000000005	1.0606150173910278	7.3279881753318445
18.240000000000002	0.980812001246545	7.674552445709122
18.400000000000002	-0.4576264309242747	7.641848015730736
18.56	-0.48697254765843445	7.528111987813357
18.72	-0.32736651536944295	7.486016800480039
18.88	-0.3001663067383086	7.423354702895135
19.04	0.27862634244155043	7.389963582323779
19.2	0.9264115839842566	7.512515132476429
19.36	0.47144112605013905	7.68641528919874
19.52	0.12725564421058136	7.663376292812473
19.68	-0.5563943216418806	7.727137095346125
19.84	-1.2443361037003904	7.485330109887071
20.0	-0.356283450483019	7.3289495421619995
20.16	0.7086233831140576	7.371319405732507
20.32	1.035989898483513	7.555709024758499
20.48	0.6353389745451627	7.702836173247231
20.64	-0.4649225184745426	7.759017496612951
20.8	-1.032556445518673	7.554060967335376
20.96	-0.34375630021895315	7.428599434046975
21.12	0.4899768190026631	7.44405895126531
21.28	0.5926073443057284	7.585392016127828
21.44	0.691804416643954	7.633693301443144
21.6	-0.4058819866521206	7.806769429453893
21.76	-0.959272036949766	7.503811065714465
21.92	-0.09962625395883017	7.499802377629966
22.080000000000005	-0.0767178615337458	7.471930664447638
22.240000000000002	0.41068386774530236	7.475252661939169
22.400000000000002	0.5654071356746015	7.6033495021261315
22.56	-0.11523855883363271	7.656182945355038
22.72	-0.5110876016788279	7.566473163299369
22.88	-0.9488907947887473	7.492634912817814
23.04	-0.3277956969900475	7.262828108966971
23.2	0.6392016091306071	7.387740289780997
23.36	0.576646741076824	7.467372623888766
23.52	0.5740716513531933	7.572267246925582
23.68	-0.21692983762897636	7.651075552321789
23.84	-1.124376547040092	7.50284969888431
24.0	-0.48997681900266193	7.291275057268958
24.16	0.4053719217650035	7.346057116803457
24.32	0.7263007128253838	7.420994072233759
24.48	0.7547884663183317	7.57847334490758
24.64	-0.06813422912164802	7.662526381455627
24.8	-0.631395456693206	7.5566703915886535
24.96	-1.0834425265496008	7.4604798353138
25.12	-0.46757849146468355	7.20996878309278
25.28	0.9906831785204491	7.3108547180451
25.44	0.9889664520380275	7.526987400219324
25.6	0.3916381099056454	7.62732398269727
25.76	-0.40150928717955797	7.652311595389131
25.92	-0.7952933051882207	7.498841010799811
26.080000000000005	-0.645639333439681	7.397817737728897
26.240000000000002	0.6581664837037431	7.292236424099113
26.400000000000002	1.236529951262989	7.608431012514094
26.560000000000002	0.06427159453620437	7.687926008503269
26.72	-0.5170961443672907	7.628997922765678
26.88	-0.6973837777118188	7.522455242305736
27.04	-0.607280402672807	7.405835113897896
27.2	-0.33131003322140984	7.328125513450438
27.36	0.2268010149028901	7.299815903267045
27.52	0.8750963213327232	7.400701838219363
27.68	0.7698907063060272	7.579846726093515
27.84	-0.10692234150911543	7.647066864237292
28.0	-0.718065378767378	7.545631576810598
28.16	-0.7560760111801476	7.417285943031732
28.32	-0.05182532753864919	7.303687253232949
28.48	0.9790143914976034	7.400701838219363
28.64	0.7353944101245986	7.616971858512183
28.8	-0.30789157590919725	7.6360280494592345
28.96	-0.7331676187550634	7.5184465542212395
29.12	-0.8522688121741504	7.4014144114576155
29.28	-0.036723087550966114	7.245720534325511
29.44	0.7987267581530706	7.389663023441307
29.6	0.7750408857532874	7.501313096934496
29.76	0.11824283017786671	7.637676106882358
29.92	-0.8202667224498187	7.539150802591413
30.080000000000005	-0.7081942014934431	7.375190755698412
30.240000000000002	-0.32007042781917355	7.31252865811351
30.400000000000002	0.6805648112417053	7.272768218796278
30.560000000000002	1.2158483502074557	7.530309397710855
30.72	-0.08323646910932316	7.661839690862659
30.88	-0.8966362856294814	7.503673727595871
31.04	-0.6948086879881893	7.374916079461225
31.2	-0.4688660363265094	7.281334947439651
31.36	0.9454573418238976	7.224878947836743
31.52		7.583881296823298
