t	v_x	x
0.32		68.59438183872892
0.48	1.0387111173876242	68.8142588327242
0.64	0.003065977291523791	68.92676939629295
0.8	-0.9319102940147389	68.81523994545749
0.96	-1.070521285383364	68.62855810220825
1.12	-0.06845383532551148	68.47267313413481
1.28	1.079783418582932	68.60665287490409
1.44	1.2232279092855882	68.81820382808134
1.6	0.13724833479461482	68.99808580587548
1.76	-1.0239983578919254	68.86212329521562
1.92	-1.1143188997266926	68.67040633135005
2.08	-0.17763930770300415	68.50554124730307
2.24	1.0530832127397325	68.61356175288509
2.4	1.41115134261867	68.84252787537979
2.56	0.1940553879161283	69.06513018252306
2.72	-1.1427866276124006	68.90462559951295
2.88	-1.3251952333245314	68.69943846168711
3.04	-0.4891845100905902	68.4805631248491
3.2	0.9459417252233455	68.5428994184581
3.36	1.5539145050344103	68.78326447692058
3.52	0.26387187981564925	69.04015206006912
3.68	-1.1150644293387821	68.86770347846159
3.84	-1.0434162140715788	68.68333144268071
4.0	0.10345838326285378	68.53381028995868
4.16	0.9377015844542843	68.71643812532483
4.32	0.8938397687859603	68.83387479698405
4.48	0.14099564037314366	69.00246685133632
4.64	-0.882938516193877	68.87899340190346
4.8	-1.337864007959124	68.71992652615428
4.96	-0.07458578990855902	68.45087691935653
5.12	1.116767750056295	68.69605907338355
5.28	1.0776752323969192	68.80824259937455
5.44	0.08139907277861254	69.04091514775057
5.6000000000000005	-1.1054616319957142	68.8342903026637
5.76	-1.2515672345213076	68.68716742551194
5.92	0.44862761968706155	68.43378878761689
6.08	0.7963666183383332	68.83072826381179
6.24	-1.230472878614575	68.68862610548516
6.4	-0.014678011424688062	68.43697694265512
6.5600000000000005	1.1852632185713154	68.68392914182925
6.72	0.9993526472566705	68.81626117259795
6.88	0.16501867376620624	69.00372198895138
7.04	-1.2708869281027424	68.86906714820314
7.2	-1.4967599200936803	68.5970381719585
7.36	0.14549652182647652	68.39010397377318
7.520000000000001	1.3907444717856343	68.64359705894299
7.68	1.1132389546152686	68.83514220474457
7.84	0.07548379968947513	68.99983352441987
8.0	-1.1197737388441373	68.8592970206452
8.16	-1.504791228196787	68.64150592798974
8.32	0.07511437162440578	68.37776382762223
8.48	1.4865080911590174	68.66554252690955
8.64	1.028339242041065	68.8534464167931
8.8	-0.08885940707953215	68.9946110843627
8.96	-1.2892671250604038	68.82501140652766
9.120000000000001	-1.5534455648005785	68.58204560434338
9.28	0.29120202266555245	68.32790882579148
9.44	1.6327286099427272	68.67523025159635
9.6	0.9980651023948541	68.85038198097315
9.76	-0.0414926153374747	68.9946110843627
9.92	-1.2804632900401172	68.83710434406515
10.08	-1.4144838272029676	68.58486283154986
10.24	0.10693356510479429	68.38446951936021
10.4	1.2898306729650737	68.6190815723834
10.56	1.1238453524420893	68.79721533470902
10.72	0.10627295728032331	68.97871208516486
10.88	-1.27866072723357	68.83122268103872
11.040000000000003	-1.5529305468558443	68.56954065245012
11.200000000000001	0.24100263222750382	68.33428490604484
11.36	1.5843317823114067	68.64666149476292
11.52	1.0371430770613503	68.84127107638449
11.68	0.00690421229385359	68.97854727942254
11.84	-1.1585942045382709	68.84348042431851
12.0	-1.6486941662292312	68.6077971339703
12.16	0.07356931779031654	68.31589829112515
12.32	1.672321602553862	68.63133931566318
12.48	0.9657308909698271	68.8510412039424
12.64	-0.04278016019937893	68.94037320077352
12.8	-0.9815845281636245	68.83735155267861
12.96	-0.7103562862497677	68.62626615176116
13.120000000000001	-0.8299077910004365	68.6100375410787
13.280000000000001	0.016883673083337814	68.36069565864102
13.44	1.4929943454280452	68.61544031646535
13.6	1.1132389546152626	68.83845384917798
13.76	-0.08288817075523908	68.97167678194225
13.92	-1.1091673410174	68.81192963453631
14.08	-1.4613356010002092	68.61674323281669
14.24	0.07511437162440578	68.34430224221626
14.4	1.8689990207478937	68.6407798317365
14.56	0.9923999050028683	68.9423819288556
14.72	-0.428876215401337	68.95834780133742
14.88	-1.2548728418563775	68.80514153992716
15.040000000000003	-1.3487853684632864	68.55678849194338
15.200000000000001	0.06631053660420942	68.37353022201891
15.36	1.4306435033290816	68.57800786365672
15.52	1.167913057503283	68.83133614308421
15.68	0.3490296223545978	68.95174004205776
15.84	-0.5060021288447906	68.94302562223768
16.0	-1.2349475910646364	68.78981936082744
16.16	-1.260795548220733	68.54784239309701
16.32	0.08572076945123254	68.38636478539681
16.48	1.30331819944766	68.57527303932142
16.64	1.1666255126412892	68.80342660922007
16.8	0.46755109121563687	68.94859320336664
16.96	-0.46924173492955984	68.95304295840907
17.12	-1.277373182371762	68.79843584818919
17.28	-1.4525802959398697	68.54428354005012
17.44	0.11805498087634765	68.33361015348844
17.6	1.4787828219880403	68.58206113393055
17.76	1.2538428059669313	68.80682065652462
17.92	0.385017489352736	68.98329083183997
18.080000000000005	-0.644448848497666	68.93002625311749
18.240000000000002	-1.262389132014869	68.7770672003207
18.400000000000002	-1.4740506005658127	68.52606173087274
18.56	0.0981297300846006	68.30537100813964
18.72	1.529239721398453	68.5574632444998
18.88	1.3012095977088993	68.79472771898716
19.04	0.4134890661922322	68.97385031576664
19.2	-0.567065426081851	68.92704422016868
19.36	-1.1839756737094973	68.79238937942044
19.52	-0.7432540455794646	68.54817200458164
19.68	-0.7385703541171651	68.554548084835
19.84	-0.01961921185953025	68.31182949126416
20.0	1.4992230907246928	68.54826993703996
20.16	1.3198473036388338	68.79158088029605
20.32	0.40314017733785873	68.97062107420439
20.48	-0.604340837941807	68.92058573704416
20.64	-1.0965008714116715	68.77723200606302
20.8	-1.2173399210240645	68.56970545819243
20.96	0.010397418814320374	68.3876832313353
21.12	1.27510413158044	68.57303263221301
21.28	1.0664842407379114	68.79571655344104
21.44	0.41946030251652533	68.91430758924913
21.6	-0.4423152119241561	68.92994385024633
21.76	-0.9254624313613158	68.77276672143341
21.92	-1.0043909076112998	68.6337958722107
22.080000000000005	-0.25691965855405935	68.4513616309978
22.240000000000002	0.9487838287537379	68.55158158147339
22.400000000000002	1.1832031467924222	68.75497245619898
22.56	0.5773172550165193	68.93020658844696
22.72	-0.9550125740502938	68.93971397780426
22.88	-1.505145797088952	68.62460256475086
23.04	-0.10992661285334954	68.45806732273579
23.2	0.9575876637739246	68.58942604863779
23.36	0.9298400838914866	68.76449537514345
23.52	0.5185715385306299	68.88697487548306
23.68	-0.27848702309987544	68.93043826747326
23.84	-1.02277110456888	68.7978590280911
24.0	-1.0414088104988135	68.60315151401122
24.16	-0.1396857345548351	68.46460820873146
24.32	0.9081608002531418	68.55845207895368
24.48	1.075803093702833	68.75521966481246
24.64	0.5770597460441501	68.90270906893859
24.8	-0.2570167184739486	68.93987878354658
24.96	-1.0934107637433155	68.82046371902692
25.12	-1.2528127700774805	68.5899873391487
25.28	-0.14436942601722394	68.41956363260212
25.44	0.9609352804147316	68.54378912282318
25.6	0.9948145456739361	68.72706292233482
25.76	0.7447505694537857	68.86212977743885
25.92	-0.06008179130764282	68.96538310456003
26.080000000000005	-1.026118721209599	68.84290360422041
26.240000000000002	-1.0483615527525363	68.63702511377296
26.400000000000002	-0.30789157590919725	68.50742790733959
26.560000000000002	0.826608704319583	68.53849980948202
26.72	1.2659942576279508	68.77194269272185
26.88	0.6531556235981516	68.94361797192295
27.04	-0.19749847507097745	68.98095249227325
27.2	-1.0496490976144288	68.88041845990023
27.36	-1.3327712822169264	68.64506478103662
27.52	-0.3234391741707756	68.45393164959081
27.68	0.824291123568307	68.54156424530197
27.84	0.9846746358319798	68.71770480913268
28.0	0.7657543860948423	68.8566601287682
28.16	0.31489284812294244	68.96274621268303
28.32	-0.3633867356740728	68.95742584016755
28.48	-0.9662944388744089	68.84646245726732
28.64	-1.069059330461541	68.64821161972773
28.8	-0.3539708227893505	68.50436347151964
28.96	0.5864756589288724	68.53494095643514
29.12	1.0250401553602024	68.69203568237688
29.28	0.8074074504849693	68.86295380615041
29.44	0.28333116361491545	68.95040606653208
29.6	-0.3243087610076659	68.95361977850717
29.76	-1.0144337575334652	68.84662726300964
29.92	-1.0012522699830884	68.62900097609648
30.080000000000005	0.22468250704892287	68.52622653661506
30.240000000000002	1.0794567492758724	68.70089937835212
30.400000000000002	0.8431378085107479	68.87165269638332
30.560000000000002	0.22664551890802742	68.97070347707555
30.72	-0.3491752122342589	68.94417926243388
30.88	-0.77661829289412	68.85896740916057
31.04	-1.1011360329142028	68.69566140870776
31.2	-0.16038351226367137	68.50660387862803
31.36	1.0721494381298067	68.64433868478339
31.52		68.84969169882957
