t	x	v_x
0.0	31.449687699924482	
0.16	31.30519309877141	-0.5443869007837154
0.32	31.27548389167369	0.5156214261894274
0.48	31.47019195515202	0.7017592035929069
0.64	31.500046836823426	-0.11258787881837683
0.8	31.434163833930135	-0.7782120862332588
0.96	31.25101896922878	-0.8733295236275519
1.12	31.154698386369322	0.004638123327035752
1.28	31.25250316869343	0.8454745151187563
1.44	31.425250231207325	0.7570997804669609
1.6	31.494775098442858	-0.23200425327844676
1.76	31.35100887015823	-0.8683219601569983
1.92	31.21691207119262	-0.788682446217167
2.08	31.098630487368734	0.02475417010855655
2.24	31.224833405627358	0.8820647443395825
2.4	31.380891205557393	0.968446961021846
2.56	31.534736433154343	-0.0037276572414321816
2.72	31.379698355240134	-0.7969624338864411
2.88	31.279708454310683	-0.855944875102687
3.04	31.105795995207274	-0.5324650487722273
3.2	31.109319638703568	0.5819733889893199
3.36	31.292027479683853	0.8678667271142206
3.52	31.387036991380114	0.8083432599559519
3.68	31.550697322869755	0.013201758240608562
3.84	31.39126155401711	-0.7933205695442257
4.0	31.296834740615605	-0.8051566286564967
4.16	31.133611432847033	-0.16829789583590343
4.32	31.242979413948113	0.6702623307419182
4.48	31.34809537868444	0.9455995159836262
4.64	31.54557125906287	0.028765474594355214
4.8	31.357300330554637	-1.0430789114910328
4.96	31.211786007385744	-0.5676895788647146
5.12	31.17563966531793	0.29972191520670133
5.28	31.307697020251886	0.7996938321430953
5.44	31.431541691603726	0.7067667670634817
5.6000000000000005	31.533862385712204	-0.05451590368768983
5.76	31.414096602423673	-0.918199740517609
5.92	31.24003846874657	-0.2794342826267222
6.08	31.324677631983118	0.6318511693499943
6.24	31.442230842938564	0.6006379437433055
6.4	31.516881773980973	-0.2764192371257452
6.5600000000000005	31.35377668705833	-0.8642248627719382
6.72	31.24032981789395	-0.03741490240712483
6.88	31.341803918288047	0.6117351225684512
7.04	31.436085057115854	0.6166568931398321
7.2	31.539134124092786	-0.15563716353733525
7.36	31.386281164783906	-0.9511481053962157
7.520000000000001	31.234766730365997	-0.22500417183827345
7.68	31.31427982979566	0.1976901892714968
7.84	31.298027590932875	0.12078207358840988
8.0	31.352930093343954	0.3628014538079626
8.16	31.41412405615142	0.2694191556855702
8.32	31.439144223163332	-0.16018949396513185
8.48	31.362863418082583	-0.4849492265247113
8.64	31.283960470675424	-0.28498287203929556
8.8	31.27166889903001	0.2164405369247224
8.96	31.353221442491332	0.4625570145292704
9.120000000000001	31.41968714367938	0.6175673592253497
9.28	31.550842997443446	0.04933675441863386
9.44	31.43547490509334	-0.740256157884114
9.6	31.313961026920534	-0.7182333860322129
9.76	31.20564022156303	-0.11887534851805068
9.92	31.275920915394757	0.6345825676066732
10.08	31.40870664319716	0.6335863086218728
10.24	31.478668534153755	-0.017925674466841086
10.4	31.402970427367766	-0.6876469792667836
10.56	31.258621500788387	-0.05710338308453503
10.72	31.384697344780715	0.4887205959599615
10.88	31.415012091495573	0.38789861800854203
11.040000000000003	31.508824902543445	-0.10332843949171265
11.200000000000001	31.38194699085822	-0.7802719484670901
11.36	31.259137879033982	-0.6192278283789403
11.52	31.183794085776963	0.05724919261158295
11.68	31.27745762066969	0.6938271820586607
11.84	31.40581878403573	0.6438367706331408
12.0	31.483485387272292	0.050923387395148595
12.16	31.422114268002172	-0.6974808376316209
12.32	31.26029151923017	-0.7307965549862859
12.48	31.188259370406563	0.15069523123370304
12.64	31.308513993224953	0.7401639379111531
12.8	31.425111830538135	0.5568769862799946
12.96	31.486714628834555	-0.07820447929276078
13.120000000000001	31.400086397164447	-0.8535352273250449
13.280000000000001	31.213583356090542	-0.7408879348683678
13.44	31.16300225800657	0.21747225582269497
13.6	31.283174477953807	0.9531614812838983
13.76	31.468013932017413	0.8050413397738473
13.92	31.54078770668143	-0.10255591257462449
14.08	31.435196039993528	-0.9340087574092172
14.24	31.241904904310484	-0.9171250843258784
14.4	31.141716013009244	0.10126836771283207
14.56	31.27431078197859	0.8848394028606854
14.72	31.424864621924666	0.8917436151545862
14.88	31.559668738828055	0.020134229804255582
15.040000000000003	31.43130757546202	-0.9849806747642659
15.200000000000001	31.244474922903493	-0.9481717508891893
15.36	31.127892615177483	0.005504748339445181
15.52	31.246236442372112	0.9262349582783829
15.68	31.424287801826573	0.9799909443695461
15.84	31.55983354457037	0.170474892145728
16.0	31.47883976731321	-0.8884445284738118
16.16	31.275531295458755	-1.0164938293123469
16.32	31.15356174193326	-0.06358985700083358
16.48	31.25518254121849	0.8286687760984557
16.64	31.418735750284768	1.0229315536214434
16.8	31.58252063837735	0.2175841749153321
16.96	31.48836268625768	-0.8496240627797229
17.12	31.310640938287843	-1.066693219750306
17.28	31.147020855937583	-0.21315799242524003
17.44	31.242430380711763	0.7132374149057046
17.6	31.375256828707403	0.8241940636484625
17.76	31.506172481079272	-0.056991683639242605
17.92	31.35701948994285	-0.8439103354277598
18.080000000000005	31.236121173742383	-0.4044277221996736
18.240000000000002	31.227602618838958	0.43505643073805306
18.400000000000002	31.37533923157856	0.9300490629039599
18.56	31.525218318968218	-0.10461598435357448
18.72	31.341862116585418	-0.9344752453940205
18.88	31.22618624044213	0.12299618131116632
19.04	31.38122089460499	0.9947660157140362
19.2	31.544511365470626	-0.1814843888246183
19.36	31.32314589018111	-1.090014617142719
19.52	31.19570668798496	-0.3159228840123721
19.68	31.222050567297153	0.5038935271059418
19.84	31.35695261665886	0.9290190270144975
20.0	31.519336655941785	0.14900458751980233
20.16	31.4046340846652	-0.85322918839276
20.32	31.246303315656103	-0.5679984020515244
20.48	31.222874596008715	0.30335347432646453
20.64	31.343376427440575	0.9937359798245843
20.8	31.54087010955259	0.19040014293752083
20.96	31.404304473180577	-0.9790094384400174
21.12	31.227587089251784	-0.647184387273881
21.28	31.197205469252935	0.33517266780685423
21.44	31.33484234294998	0.9975986144100274
21.6	31.516437025864146	0.2496608773680845
21.76	31.414733823707763	-0.7838770740801396
21.92	31.265596362158504	-0.5975000147806171
22.080000000000005	31.223533818977963	0.1798908050305409
22.240000000000002	31.323161419768276	0.8550317511993096
22.400000000000002	31.49714397936174	0.36483472958849816
22.56	31.439908533236597	-0.8216675038847866
22.72	31.234210378118618	-0.8663621459832693
22.88	31.162672646521948	0.2948071482785866
23.04	31.32854866556777	1.096709850424133
23.2	31.51361979865767	0.27061616404928585
23.36	31.415145838063545	-0.7220412499259463
23.52	31.28256659868137	-0.6787460717818844
23.68	31.197947095093344	0.21278856436026017
23.84	31.350658939276656	0.9135199587127742
24.0	31.490273481881438	0.20074903179194015
24.16	31.414898629450075	-0.6495990279449264
24.32	31.28240179293906	-0.8244515726208463
24.48	31.1510741262114	0.163876718784137
24.64	31.33484234294998	1.1107123948515327
24.8	31.5065020925639	0.25275098503644067
24.96	31.415722658161638	-0.6692667697643565
25.12	31.292336726239306	-0.7884637056227722
25.28	31.163414272362353	0.08469073356180283
25.44	31.31943776097908	0.9750982738946498
25.6	31.475445720008636	0.29805770499950457
25.76	31.414816226578917	-0.5326226129179765
25.92	31.305006483874884	-0.7840860530925714
26.080000000000005	31.16390868958929	0.11393483731851824
26.240000000000002	31.341465631816806	1.0514516604209807
26.400000000000002	31.500373220924	0.27138869096641993
26.560000000000002	31.428310012926058	-0.5908533114590947
26.72	31.311300161257094	-0.8034962859396565
26.88	31.171191201425373	-0.054271004035867494
27.04	31.293933439965617	1.0284363019608211
27.2	31.500290818052843	0.3914552136617248
27.36	31.41919910833737	-0.7080872354584007
27.52	31.27370290270615	-0.8922586330993117
27.68	31.133676345745588	0.021309855573408566
27.84	31.28052205648964	1.3024971425707155
28.0	31.550475431368213	0.5788137788907457
28.16	31.465742465734685	-0.7386188840770203
28.32	31.31411738846357	-1.0366765890764802
28.48	31.13400595723021	-0.16944485625625355
28.64	31.259895034461564	1.2598140422911808
28.8	31.537146450763387	0.6768949790153995
28.96	31.4765014277465	-0.6511926117390485
29.12	31.328764815006895	-1.1114363918087447
29.28	31.120841782367698	-0.24158103930501099
29.44	31.251458882429294	1.3715917479109716
29.6	31.559751141699213	0.6546036175124846
29.76	31.46093204003329	-0.7205447260516687
29.92	31.329176829362673	-1.1303316067110518
30.080000000000005	31.099225925885747	-0.24261107519444064
30.240000000000002	31.25154128530045	1.3296811745485424
30.400000000000002	31.52472390174128	0.6851352661310148
30.560000000000002	31.470784570462378	-0.5430200317323017
30.72	31.35095749158694	-0.9411704786754675
30.88	31.16961001728623	-0.2519299281594515
31.04	31.270339914575917	1.088775602240804
31.2	31.518018210003287	0.6214968791702814
31.36	31.469218915910414	-0.8894260344032745
31.52	31.233401878994233	
